-7.558017e+01
-6.390323e+01
-6.837621e+01
-5.938334e+01
-6.330819e+01
-6.346992e+01
-6.079856e+01
-6.186970e+01
-6.270798e+01
-6.148420e+01
-6.459595e+01
-6.114936e+01
-6.517767e+01
-6.698332e+01
-5.417879e+01
-4.722638e+01
-4.476735e+01
-4.452499e+01
-4.047284e+01
-3.930921e+01
-3.897068e+01
-3.837304e+01
-3.737962e+01
-3.794704e+01
-3.910206e+01
-3.873074e+01
-3.700074e+01
-3.787477e+01
-3.941259e+01
-3.758152e+01
-3.787436e+01
-3.506654e+01
-3.396416e+01
-3.238115e+01
-2.968061e+01
-2.991663e+01
-2.976728e+01
-3.029035e+01
-3.145004e+01
-3.365513e+01
-3.420660e+01
-3.253540e+01
-3.176615e+01
-3.145634e+01
-3.277226e+01
-3.432787e+01
-2.956094e+01
-2.941814e+01
-2.678709e+01
-2.479792e+01
-2.086663e+01
-2.023332e+01
-1.977697e+01
-2.057186e+01
-2.290515e+01
-3.165301e+01
-3.334520e+01
-3.929634e+01
-3.916895e+01
-4.053140e+01
-3.688531e+01
-3.888871e+01
-3.362412e+01
-3.138535e+01
-2.875207e+01
-2.476851e+01
-2.468667e+01
-2.556674e+01
-2.861605e+01
-2.751955e+01
-2.587101e+01
-2.751021e+01
-2.801863e+01
-2.786261e+01
-2.508360e+01
-2.653401e+01
-2.634232e+01
-2.918719e+01
-3.395830e+01
-3.308032e+01
-3.264402e+01
-3.694662e+01
-4.228913e+01
-3.293420e+01
-3.298618e+01
-3.274645e+01
-3.242328e+01
-3.193087e+01
-3.515903e+01
-4.842795e+01
-4.377633e+01
-3.092155e+01
-2.722102e+01
-2.338717e+01
-2.104400e+01
-2.146607e+01
-2.629312e+01
-2.777262e+01
-2.970879e+01
-3.159930e+01
-3.356167e+01
-3.900710e+01
-4.135196e+01
-3.446310e+01
-2.613029e+01
-2.276077e+01
-2.550038e+01
-2.434422e+01
-2.266424e+01
-2.237193e+01
-2.247349e+01
-2.342363e+01
-2.501453e+01
-2.596146e+01
-2.829457e+01
-3.265599e+01
-2.973327e+01
-2.782617e+01
-2.605160e+01
-2.798231e+01
-2.987580e+01
-3.706510e+01
-3.366095e+01
-2.828789e+01
-3.029069e+01
-3.029110e+01
-2.965716e+01
-2.908743e+01
-2.953736e+01
-3.060012e+01
-3.561038e+01
-3.905469e+01
-3.611517e+01
-3.303854e+01
-3.397711e+01
-4.566517e+01
-5.307738e+01
-5.405875e+01
-5.054981e+01
-4.414239e+01
-3.745668e+01
-3.085110e+01
-2.845289e+01
-2.736281e+01
-2.667485e+01
-2.670992e+01
-2.616060e+01
-2.576168e+01
-2.562284e+01
-2.717878e+01
-2.749223e+01
-2.983207e+01
-3.121492e+01
-3.323080e+01
-3.490335e+01
-3.913148e+01
-4.252886e+01
-3.763133e+01
-3.773816e+01
-3.305519e+01
-3.156670e+01
-3.594542e+01
-3.583677e+01
-3.680132e+01
-3.160538e+01
-3.252880e+01
-2.991916e+01
-2.418871e+01
-2.210474e+01
-2.113057e+01
-2.241628e+01
-2.466186e+01
-2.795078e+01
-3.369515e+01
-3.345350e+01
-3.050749e+01
-2.851900e+01
-2.901071e+01
-3.052835e+01
-2.912873e+01
-2.738966e+01
-2.773096e+01
-2.826191e+01
-2.737072e+01
-2.715527e+01
-2.806284e+01
-2.821809e+01
-2.817864e+01
-2.653653e+01
-2.655406e+01
-2.502121e+01
-2.484269e+01
-2.513438e+01
-2.544838e+01
-2.528777e+01
-2.400978e+01
-2.393290e+01
-2.308954e+01
-2.303183e+01
-2.325074e+01
-2.538007e+01
-2.695861e+01
-3.085726e+01
-3.199469e+01
-3.532232e+01
-3.557218e+01
-3.059320e+01
-2.888174e+01
-2.842668e+01
-2.979913e+01
-3.070250e+01
-2.749010e+01
-2.578483e+01
-2.570515e+01
-2.611243e+01
-2.827495e+01
-2.861100e+01
-2.763193e+01
-3.015831e+01
-3.238955e+01
-4.068259e+01
-3.769598e+01
-3.551056e+01
-3.381953e+01
-3.340855e+01
-3.176587e+01
-2.920081e+01
-3.148328e+01
-3.433806e+01
-3.307544e+01
-2.991225e+01
-2.474287e+01
-2.245328e+01
-2.502440e+01
-2.569392e+01
-2.712492e+01
-3.139709e+01
-3.285057e+01
-3.828288e+01
-3.922063e+01
-3.407550e+01
-3.301802e+01
-3.034115e+01
-2.679440e+01
-2.915385e+01
-2.988832e+01
-2.816154e+01
-2.915980e+01
-2.978710e+01
-2.817435e+01
-3.010104e+01
-3.096583e+01
-3.017586e+01
-2.930642e+01
-3.164318e+01
-3.825980e+01
-4.446401e+01
-3.530178e+01
-3.780676e+01
-2.980958e+01
-2.681112e+01
-2.706292e+01
-2.677929e+01
-2.720571e+01
-2.819178e+01
-2.634918e+01
-2.310174e+01
-2.218315e+01
-2.354540e+01
-2.541529e+01
-2.963614e+01
-2.769970e+01
-2.616413e+01
-2.756068e+01
-2.789818e+01
-2.706553e+01
-2.550844e+01
-2.551455e+01
-2.701511e+01
-2.929428e+01
-2.736388e+01
-2.804431e+01
-3.300123e+01
-3.605355e+01
-4.074492e+01
-3.449741e+01
-3.056326e+01
-2.819659e+01
-2.713387e+01
-2.670025e+01
-2.715337e+01
-2.576713e+01
-2.588820e+01
-2.377891e+01
-2.377606e+01
-2.841925e+01
-3.338033e+01
-3.455301e+01
-3.025522e+01
-3.022763e+01
-3.332580e+01
-4.071448e+01
-3.349796e+01
-3.251525e+01
-2.991493e+01
-3.048651e+01
-3.339307e+01
-3.176453e+01
-2.616315e+01
-2.372145e+01
-2.558509e+01
-3.019224e+01
-3.016831e+01
-2.770978e+01
-2.620675e+01
-2.805237e+01
-2.762064e+01
-2.723011e+01
-2.775812e+01
-2.991282e+01
-3.242130e+01
-3.317891e+01
-3.483657e+01
-3.271179e+01
-3.115100e+01
-3.355751e+01
-3.562180e+01
-4.467715e+01
-4.255124e+01
-4.097874e+01
-3.558031e+01
-3.523376e+01
-3.505698e+01
-3.309048e+01
-3.445750e+01
-3.407278e+01
-3.287079e+01
-2.774473e+01
-2.622075e+01
-2.480379e+01
-2.465570e+01
-2.400438e+01
-2.437023e+01
-2.372713e+01
-2.479007e+01
-2.608640e+01
-2.784052e+01
-2.912553e+01
-2.689355e+01
-2.480880e+01
-2.378371e+01
-2.471086e+01
-2.400541e+01
-2.337625e+01
-2.370884e+01
-2.575665e+01
-2.820498e+01
-2.696528e+01
-2.817317e+01
-3.155993e+01
-3.115565e+01
-3.074528e+01
-3.025259e+01
-3.243292e+01
-3.209753e+01
-2.988182e+01
-3.195755e+01
-3.408688e+01
-3.600237e+01
-3.325235e+01
-3.663379e+01
-3.463885e+01
-3.254025e+01
-3.569632e+01
-3.415567e+01
-3.416403e+01
-3.386192e+01
-3.684443e+01
-3.428608e+01
-3.791165e+01
-3.642660e+01
-3.525101e+01
-3.491404e+01
-3.439217e+01
-3.408373e+01
-3.287574e+01
-3.301511e+01
-3.320354e+01
-3.371767e+01
-3.529385e+01
-4.120782e+01
-4.751284e+01
-3.817650e+01
-3.346178e+01
-3.249918e+01
-3.297479e+01
-3.346228e+01
-3.245126e+01
-2.961764e+01
-2.949375e+01
-3.135045e+01
