0.000000e+00
1.572043e+02
9.855793e+01
1.706161e+02
6.677551e+01
7.045151e+01
-1.254452e+02
-1.593360e+02
9.691643e+01
1.140006e+02
-9.579356e+00
-5.881606e+01
4.778194e+00
-2.177429e+01
-4.749718e+01
-7.953552e+01
-6.832440e+01
-9.369691e+01
-1.154227e+02
-1.435921e+02
-1.557631e+02
1.727833e+02
1.563455e+02
1.450121e+02
1.281340e+02
1.273955e+02
1.154550e+02
9.424200e+01
1.089063e+02
9.699014e+01
8.711676e+01
9.334372e+01
8.617117e+01
8.025500e+01
7.189687e+01
4.369695e+01
3.212870e+01
1.352697e+01
6.413800e+00
-1.201656e+01
7.834542e+00
4.046599e+00
3.577058e-01
-1.777388e+01
-2.769899e+01
-6.589312e+00
-1.111862e+01
-2.161109e+01
-1.320826e+01
-2.659964e+01
-4.489651e+01
-7.505536e+01
-1.004159e+02
-1.373625e+02
-1.683157e+02
1.720015e+02
-1.634928e+02
-1.661110e+02
-1.339047e+02
-1.274676e+02
-1.050592e+02
-1.289547e+02
-9.958395e+01
-9.733522e+01
-1.106901e+02
-1.337011e+02
-1.589983e+02
-1.788928e+02
1.730749e+02
1.758715e+02
1.586551e+02
1.371505e+02
1.360963e+02
1.276010e+02
1.118755e+02
9.008609e+01
5.492038e+01
2.182693e+01
1.816048e+01
-9.496557e+00
-4.857264e+01
-1.080752e+02
-8.249869e+01
-1.031456e+02
-1.381035e+02
-1.581429e+02
1.727657e+02
1.521867e+02
7.100864e+01
-1.707436e+01
-6.282396e+01
-1.296437e+02
-1.436488e+02
-1.763534e+02
1.514859e+02
1.068511e+02
8.768382e+01
7.931226e+01
7.086817e+01
5.574585e+01
5.793348e+01
4.774678e+01
-7.983308e+01
-1.400081e+02
1.607622e+02
1.258299e+02
9.468398e+01
9.365884e+01
7.809087e+01
5.917579e+01
3.829898e+01
1.709999e+01
1.020410e+01
-5.464598e+00
-2.459386e+01
-8.641133e+00
-1.010492e+00
-6.183431e+00
-2.244157e+01
-5.778287e+01
-1.062222e+02
-1.551672e+02
1.031409e+02
2.388939e+01
-5.654723e-01
-1.613943e+01
-2.557353e+01
-4.612243e+01
-7.167741e+01
-8.214523e+01
-1.065204e+02
-6.928616e+01
-8.501762e+01
-1.073296e+02
-1.427717e+02
1.757640e+02
-5.258202e+01
-1.236900e+02
1.106726e+02
5.530788e+01
3.524309e+01
2.719083e+01
7.756219e-01
-2.274047e+01
-4.593666e+01
-5.920275e+01
-7.505950e+01
-9.098585e+01
-1.095121e+02
-1.228593e+02
-1.432423e+02
-1.665839e+02
-1.625238e+02
1.693011e+02
1.375333e+02
1.098819e+02
-7.793745e+00
-6.808113e+01
-5.951823e+01
-1.128325e+02
-1.474412e+02
-1.702794e+02
-1.408861e+02
-1.278171e+02
-1.450194e+02
-1.496978e+02
-1.383146e+02
-1.576957e+02
1.713513e+02
1.294060e+02
9.928598e+01
7.449294e+01
4.999726e+01
5.492458e+01
6.255774e+01
5.870504e+01
4.323264e+01
3.182770e+01
2.002819e+01
2.914035e+01
-9.768235e+00
-2.288638e+01
-3.217630e+01
-5.839658e+01
-6.627480e+01
-7.109603e+01
-7.967197e+01
-8.117222e+01
-9.627099e+01
-1.018798e+02
-1.249026e+02
-1.266243e+02
-1.444317e+02
-1.499811e+02
-1.595478e+02
-1.688057e+02
1.781608e+02
1.609860e+02
1.425910e+02
1.254833e+02
1.124162e+02
1.053306e+02
9.668708e+01
1.165222e+02
8.825790e+01
1.578789e+02
1.433417e+02
1.226717e+02
1.170316e+02
9.863371e+01
1.137155e+02
1.125214e+02
9.641599e+01
7.725018e+01
5.275441e+01
4.260723e+01
4.604147e+01
2.961469e+01
1.655299e+01
-1.254958e+00
-1.772572e+01
5.069490e+01
6.980866e+01
5.516779e+01
5.479071e+01
5.202184e+01
3.463953e+01
3.356421e+00
2.660163e+01
5.702329e+01
5.389271e+01
3.592709e+01
3.190201e+00
-2.095358e+01
-3.107483e+01
-4.978301e+01
-6.838725e+01
-6.877630e+01
-5.096266e+01
-2.596679e+01
-2.760505e+01
-2.391738e+01
-2.875360e+01
-4.669210e+01
-7.188132e+01
-6.651930e+01
-7.387794e+01
-9.114292e+01
-8.843662e+01
-1.046493e+02
-1.232260e+02
-1.207566e+02
-1.250795e+02
-1.600807e+02
-1.788256e+02
1.636735e+02
-9.326604e+01
-1.353238e+02
-1.353383e+02
-1.150320e+02
-1.429881e+02
-1.702181e+02
1.576632e+02
1.454894e+02
1.175935e+02
1.297700e+02
1.075948e+02
6.135318e+01
2.934229e+01
2.026488e+00
-8.909158e+00
4.062164e+00
-1.937018e+01
-3.018273e+01
-4.439148e+01
-4.793852e+01
-6.088180e+01
-8.027049e+01
-9.940783e+01
-1.035509e+02
-1.197188e+02
-1.463240e+02
-1.467319e+02
-1.454701e+02
-1.024689e+02
-1.050428e+02
-1.160124e+02
-1.263888e+02
-1.351441e+02
-1.508489e+02
-1.634466e+02
-1.750191e+02
1.758624e+02
1.719373e+02
1.284125e+02
1.089414e+02
9.636071e+01
1.242528e+02
1.178497e+02
9.138619e+01
7.656750e+01
1.702275e+02
1.455236e+02
1.373857e+02
1.112582e+02
9.176157e+01
9.984403e+01
1.239313e+02
1.109774e+02
6.533800e+01
2.934935e+01
1.917607e+01
2.860807e+01
1.910708e+01
-1.672620e+01
-2.274622e+01
-3.669559e+01
-6.711966e+01
-9.677608e+01
-1.274128e+02
-1.347855e+02
-1.454231e+02
-1.534299e+02
-1.771446e+02
1.454418e+02
1.075264e+02
8.006310e+01
9.091899e+01
3.561414e+01
1.542372e+01
-3.049896e+01
-8.857567e+01
-1.388901e+02
-1.415098e+02
-1.635951e+02
-1.627328e+02
-1.637171e+02
-1.794206e+02
1.602593e+02
1.375630e+02
1.288854e+02
1.006361e+02
8.176140e+01
6.143512e+01
4.703200e+01
3.338723e+01
3.770084e+01
3.329356e+01
5.050851e+01
3.276489e+01
9.478718e+00
5.975064e+00
-1.897642e+01
-2.656721e+01
-4.956483e+01
-6.366428e+01
-6.240752e+01
-6.828473e+01
-8.662255e+01
-1.040735e+02
-8.838322e+01
-9.046691e+01
-1.105872e+02
-1.241201e+02
-1.117594e+02
-1.194306e+02
-1.543964e+02
-1.646319e+02
-1.575806e+02
-1.596731e+02
-1.633652e+02
-1.706194e+02
1.521930e+02
1.407754e+02
1.516931e+02
1.248877e+02
1.089683e+02
9.174464e+01
7.158720e+01
6.606380e+01
4.411993e+01
3.026994e+01
1.591637e+01
-9.632812e+00
-2.317081e+01
-2.935070e+01
-5.357825e+01
-7.658170e+01
-9.260615e+01
-1.096339e+02
-1.284545e+02
-6.924158e+01
-7.263664e+01
-8.616572e+01
-1.125952e+02
-1.223234e+02
-1.356881e+02
-1.434122e+02
-1.592126e+02
1.727960e+02
1.416452e+02
