-5.328675e+01
-6.242496e+01
-5.541724e+01
-7.515520e+01
-6.307221e+01
-5.630847e+01
-6.110210e+01
-6.530937e+01
-6.203931e+01
-6.068073e+01
-6.610476e+01
-5.800509e+01
-5.907547e+01
-6.063026e+01
-5.818413e+01
-5.163692e+01
-4.890996e+01
-5.054318e+01
-4.511610e+01
-4.075748e+01
-4.248246e+01
-3.826825e+01
-3.834943e+01
-3.750521e+01
-3.831602e+01
-3.867073e+01
-4.148403e+01
-4.102230e+01
-3.971062e+01
-3.716200e+01
-4.089848e+01
-3.684196e+01
-3.524742e+01
-3.422039e+01
-3.250282e+01
-2.996761e+01
-3.083792e+01
-2.864882e+01
-3.032095e+01
-3.162290e+01
-3.167719e+01
-3.099771e+01
-3.024184e+01
-2.742536e+01
-2.833211e+01
-2.961826e+01
-3.058064e+01
-3.128506e+01
-3.528698e+01
-2.715485e+01
-2.413625e+01
-2.190618e+01
-2.025596e+01
-2.171337e+01
-2.505511e+01
-2.668298e+01
-3.418292e+01
-4.008801e+01
-3.794699e+01
-4.305024e+01
-3.808508e+01
-4.078785e+01
-3.594422e+01
-3.052467e+01
-2.768184e+01
-2.311299e+01
-2.294091e+01
-2.150904e+01
-2.152495e+01
-2.087792e+01
-2.055614e+01
-2.299553e+01
-2.368460e+01
-2.470606e+01
-2.497433e+01
-2.610453e+01
-2.555697e+01
-2.908479e+01
-3.484993e+01
-3.835013e+01
-4.242043e+01
-3.507175e+01
-3.055047e+01
-3.706543e+01
-3.552404e+01
-3.432845e+01
-3.883627e+01
-4.789663e+01
-3.617607e+01
-3.356281e+01
-3.130035e+01
-3.202046e+01
-3.198800e+01
-3.211975e+01
-3.313774e+01
-3.673104e+01
-4.030536e+01
-3.743845e+01
-3.222770e+01
-2.822455e+01
-2.518245e+01
-2.494100e+01
-2.585732e+01
-3.143257e+01
-3.104427e+01
-2.833540e+01
-2.677410e+01
-2.495341e+01
-2.273156e+01
-2.210466e+01
-2.104887e+01
-2.302547e+01
-2.571434e+01
-2.952161e+01
-2.949962e+01
-3.186058e+01
-3.433808e+01
-3.567793e+01
-3.283911e+01
-3.343005e+01
-3.067544e+01
-2.676484e+01
-2.575722e+01
-2.932539e+01
-3.263244e+01
-3.277218e+01
-3.331213e+01
-3.400994e+01
-3.354937e+01
-3.414404e+01
-3.731855e+01
-4.770736e+01
-3.899960e+01
-3.447864e+01
-2.986892e+01
-3.018437e+01
-3.164172e+01
-3.316056e+01
-3.735603e+01
-3.721959e+01
-3.252483e+01
-2.811357e+01
-2.812326e+01
-2.656050e+01
-2.750877e+01
-2.688765e+01
-2.983081e+01
-3.062619e+01
-3.588776e+01
-3.600373e+01
-3.759650e+01
-3.624040e+01
-3.474381e+01
-3.639607e+01
-3.628671e+01
-3.900784e+01
-3.101110e+01
-3.062489e+01
-3.019637e+01
-3.546272e+01
-4.250702e+01
-3.970493e+01
-3.712867e+01
-3.272595e+01
-3.084088e+01
-3.209929e+01
-3.835422e+01
-3.517033e+01
-2.670641e+01
-2.777455e+01
-2.942716e+01
-3.143012e+01
-3.267487e+01
-3.611850e+01
-3.800442e+01
-3.939012e+01
-4.118282e+01
-3.812398e+01
-3.619854e+01
-3.386027e+01
-3.584354e+01
-4.021781e+01
-4.906477e+01
-4.017074e+01
-3.608387e+01
-3.499570e+01
-3.551248e+01
-3.707850e+01
-3.396014e+01
-2.808688e+01
-2.657514e+01
-2.765704e+01
-2.505203e+01
-2.858528e+01
-3.679686e+01
-3.686234e+01
-2.953493e+01
-3.268532e+01
-3.451649e+01
-3.931886e+01
-2.997773e+01
-2.763708e+01
-2.756534e+01
-2.926882e+01
-3.073534e+01
-3.094216e+01
-3.525948e+01
-4.104903e+01
-4.607087e+01
-3.854404e+01
-3.234703e+01
-3.232086e+01
-3.235354e+01
-3.242087e+01
-3.503856e+01
-3.388065e+01
-3.452539e+01
-3.067079e+01
-3.316704e+01
-3.238469e+01
-3.267417e+01
-2.887789e+01
-2.835791e+01
-2.951100e+01
-2.893017e+01
-2.708200e+01
-2.655710e+01
-2.636321e+01
-2.698723e+01
-2.697371e+01
-2.766993e+01
-2.413683e+01
-2.257617e+01
-2.215271e+01
-2.226124e+01
-2.290816e+01
-2.660051e+01
-2.350653e+01
-2.387987e+01
-2.448643e+01
-2.457928e+01
-2.558732e+01
-3.036075e+01
-3.108932e+01
-2.864224e+01
-2.613744e+01
-2.561084e+01
-2.674050e+01
-2.828747e+01
-2.876771e+01
-2.753885e+01
-2.900057e+01
-3.675274e+01
-3.658243e+01
-3.157354e+01
-2.872287e+01
-2.779342e+01
-2.782665e+01
-2.901188e+01
-2.789453e+01
-2.872071e+01
-3.123448e+01
-2.912031e+01
-2.535850e+01
-2.330823e+01
-2.154973e+01
-2.240764e+01
-2.449238e+01
-2.836193e+01
-2.869942e+01
-2.804947e+01
-3.034681e+01
-3.554778e+01
-3.844818e+01
-4.091358e+01
-3.753179e+01
-3.980942e+01
-4.290436e+01
-4.001537e+01
-4.563195e+01
-4.032624e+01
-3.716388e+01
-3.736780e+01
-3.110561e+01
-2.885984e+01
-2.883909e+01
-2.684778e+01
-2.560556e+01
-2.470523e+01
-2.431822e+01
-2.354140e+01
-2.125096e+01
-2.232565e+01
-2.400189e+01
-2.594491e+01
-2.606483e+01
-2.482734e+01
-2.590478e+01
-2.881980e+01
-2.736172e+01
-2.557490e+01
-2.617282e+01
-2.394803e+01
-2.176278e+01
-2.145219e+01
-2.132674e+01
-2.083245e+01
-2.389065e+01
-3.093398e+01
-3.630223e+01
-2.659523e+01
-2.509667e+01
-2.494800e+01
-2.559084e+01
-2.645691e+01
-2.677282e+01
-2.949903e+01
-2.942831e+01
-2.779634e+01
-2.949310e+01
-3.685429e+01
-3.708236e+01
-3.519099e+01
-3.263867e+01
-3.012390e+01
-2.986461e+01
-3.085402e+01
-3.890276e+01
-3.684079e+01
-3.404690e+01
-3.131425e+01
-3.177268e+01
-3.171708e+01
-3.166599e+01
-3.079041e+01
-3.147040e+01
-3.078215e+01
-3.133864e+01
-3.293638e+01
-3.181088e+01
-3.100027e+01
-3.115166e+01
-3.265040e+01
-3.077063e+01
-2.871406e+01
-2.730418e+01
-2.752596e+01
-2.699899e+01
-2.875591e+01
-2.916668e+01
-3.021501e+01
-3.125443e+01
-3.452087e+01
-3.470335e+01
-3.369621e+01
-3.175163e+01
-3.071499e+01
-3.331094e+01
-5.434893e+01
-3.784219e+01
-3.203202e+01
-2.962454e+01
-2.943982e+01
-2.995980e+01
-2.951361e+01
-2.985641e+01
-3.118578e+01
-3.323070e+01
-3.662594e+01
-4.085136e+01
-4.049341e+01
-3.491972e+01
-3.039901e+01
-2.948504e+01
-3.037674e+01
-3.115941e+01
-3.086206e+01
-3.381293e+01
-3.344020e+01
-3.394103e+01
-3.240669e+01
-2.959042e+01
-2.849126e+01
-2.768610e+01
-2.771284e+01
-2.845440e+01
-2.953679e+01
-2.913044e+01
-2.798928e+01
-2.826321e+01
-2.734701e+01
-2.738290e+01
-2.669142e+01
-2.596627e+01
-2.707621e+01
-2.821865e+01
-3.262677e+01
-3.343552e+01
-3.368104e+01
-3.201763e+01
-3.325098e+01
