-1.800000e+02
-8.876894e+01
-1.798480e+02
-9.626250e+01
8.884043e+01
9.686723e+01
-7.943269e+01
-4.910617e+01
1.770413e+02
1.582518e+02
-5.665417e+01
1.232573e+01
-7.624275e+01
-7.475437e+01
-1.669429e+01
-1.298370e+00
-2.427505e+01
-1.000020e+02
-1.121944e+02
-1.327281e+02
-1.486981e+02
-1.676807e+02
1.658997e+02
1.468478e+02
1.247003e+02
1.239055e+02
1.261695e+02
1.270866e+02
1.091899e+02
9.562640e+01
1.098925e+02
9.490059e+01
1.015583e+02
9.340307e+01
7.699818e+01
5.902872e+01
4.432587e+01
3.311946e+01
1.012123e+01
2.540075e+00
1.957976e+00
8.825060e-01
3.762883e+00
-6.826984e+00
-3.503856e+01
-3.759113e+01
-4.674298e+01
-4.630138e+01
-1.479873e+01
-1.769555e+01
-4.079959e+01
-7.021255e+01
-9.845590e+01
-1.358744e+02
-1.673211e+02
1.764422e+02
1.594788e+02
-1.471460e+02
-1.523270e+02
-9.080460e+01
-1.063863e+02
-8.171202e+01
-7.225343e+01
-7.227927e+01
-8.957428e+01
-1.011855e+02
-1.273621e+02
-1.364653e+02
-1.594693e+02
1.672108e+02
1.547337e+02
1.330156e+02
1.408232e+02
1.235193e+02
1.096806e+02
9.062164e+01
7.294482e+01
6.301847e+01
5.040487e+01
7.802089e+01
9.610390e+01
1.251338e+02
9.168847e+01
5.609194e+01
9.244315e+01
5.822892e+01
4.741866e+01
-1.150581e+02
1.503861e+02
1.170675e+02
1.130011e+02
9.387902e+01
7.611043e+01
6.560017e+01
4.344145e+01
2.315388e+01
-2.758687e+01
1.691639e+02
1.542414e+02
1.200516e+02
9.974539e+01
7.921142e+01
4.454469e+01
2.869123e+01
5.535883e+01
7.078631e+01
4.975775e+01
4.316082e+01
2.884459e+01
9.388198e+00
-2.674148e+00
-3.650092e+01
-5.719971e+01
-6.044849e+01
-5.534607e+01
-6.820302e+01
-7.577818e+01
-4.278234e+01
-3.534276e+01
-4.760748e+01
-3.153379e+01
-6.424438e+01
-8.333551e+01
-1.011586e+02
-9.460590e+01
-9.183584e+01
-9.560945e+01
-1.051687e+02
-1.021944e+02
-1.261790e+02
-1.529103e+02
-1.416604e+02
-3.445532e+01
-6.491869e+01
-1.028313e+02
-1.189009e+02
-1.260287e+02
-1.367663e+02
-1.579100e+02
-9.083685e+01
-9.152417e+01
-1.190345e+02
-1.326029e+02
-1.559862e+02
-1.749212e+02
1.727204e+02
1.575071e+02
1.290548e+02
1.285213e+02
1.396534e+02
1.436689e+02
1.352494e+02
1.011607e+02
6.310711e+01
1.112801e+01
-5.172682e+01
-1.379140e+02
-1.756335e+02
1.496611e+02
1.158746e+02
1.066229e+02
1.630007e+02
-1.728683e+02
1.567418e+02
1.483028e+02
1.036393e+02
6.656419e+01
1.548690e+02
1.319270e+02
9.324166e+01
5.897689e+01
4.515451e+01
4.448025e+01
9.113515e+00
-1.002232e+01
-1.279361e+01
1.253384e+02
7.062034e+01
5.106722e+01
3.054352e+01
1.411001e+01
3.608318e+00
-2.948447e+01
1.196613e+02
3.195176e+01
4.458049e+00
-4.828762e+00
1.687947e+01
6.673130e+00
-3.191192e+01
-4.018864e+01
-6.581869e+01
-1.063961e+02
-1.248417e+02
-1.389327e+02
-1.055493e+02
-1.362923e+02
-1.592713e+02
-1.741490e+02
-1.558450e+02
-1.283964e+02
-1.587256e+02
1.687195e+02
1.408667e+02
1.383568e+02
1.162705e+02
8.202390e+01
8.894199e+01
1.345023e+02
-1.748255e+02
1.629133e+02
1.212484e+02
1.063514e+02
9.927464e+01
9.241482e+01
1.045014e+02
1.097848e+02
1.096578e+02
7.956236e+01
9.538250e+01
1.001448e+02
8.226998e+01
5.942706e+01
6.339157e+01
6.832053e+01
5.882513e+01
3.776464e+01
3.072306e+01
2.209656e+01
3.384314e+01
2.662830e+01
1.973083e+01
-9.946568e+00
-1.694673e+01
-3.795637e+01
-5.154741e+01
-5.039410e+01
-5.209277e+01
-6.238520e+01
-7.060600e+01
-9.121500e+01
-9.952625e+01
-1.148044e+02
-8.090618e+01
-7.997332e+01
-8.024876e+01
-1.083002e+02
-1.191888e+02
-1.382906e+02
-1.247423e+02
-1.499128e+02
-1.648942e+02
-1.690219e+02
-1.089511e+02
-1.196369e+02
-1.238325e+02
-1.472310e+02
-1.544584e+02
-1.641280e+02
-1.709794e+02
1.777148e+02
1.710676e+02
1.750479e+02
1.793470e+02
1.525273e+02
1.189511e+02
9.760130e+01
7.772699e+01
5.591775e+01
4.440356e+01
2.634440e+01
5.899802e+00
-1.540706e+01
-3.512411e+01
-1.710260e+01
-3.577298e+01
-8.392535e+01
-1.335747e+02
1.040564e+02
7.181667e+01
7.826813e+01
2.439950e+01
-6.450923e+00
1.957674e+00
-3.162284e+01
-6.998284e+01
-8.499850e+01
-8.331901e+01
-1.190250e+02
-1.417712e+02
-1.563085e+02
-1.698175e+02
1.526510e+02
1.490470e+02
1.346531e+02
1.263975e+02
1.270800e+02
1.200326e+02
1.099467e+02
1.174545e+02
1.148103e+02
1.068298e+02
1.022005e+02
9.815940e+01
7.679858e+01
5.028904e+01
3.816880e+01
7.723051e+00
-2.166537e+01
8.369987e+01
7.373160e+01
3.587067e+01
1.390651e+01
-4.445384e+00
-1.797287e+01
-2.328463e+01
-3.779811e+01
-1.955958e+01
-3.382407e+01
-6.116666e+01
-6.797298e+01
-3.033748e+01
-3.390322e+01
-2.457763e+01
-3.809292e+01
-4.993875e+01
-7.590347e+01
-6.877259e+01
-2.947282e+01
-2.333637e+01
-4.255432e+01
-4.764308e+01
-5.327811e+01
-5.720468e+01
-6.977193e+01
-7.170503e+01
-7.767845e+01
-8.792390e+01
-1.003767e+02
-8.550361e+01
-9.232902e+01
-9.748604e+01
-9.103764e+01
-8.518186e+01
-9.706597e+01
-1.068745e+02
-1.266686e+02
-1.429570e+02
-1.491859e+02
-1.625326e+02
-1.688361e+02
-1.766618e+02
-1.733233e+02
-1.598374e+02
-1.662925e+02
-1.691419e+02
1.693393e+02
1.311317e+02
1.465208e+02
-1.296339e+02
-1.374112e+02
-1.658974e+02
1.769301e+02
1.672464e+02
1.578956e+02
1.361972e+02
1.262966e+02
1.141066e+02
9.575368e+01
1.221613e+02
1.771258e+02
-1.582114e+02
1.607925e+02
1.443010e+02
1.245702e+02
1.055909e+02
9.775245e+01
1.002068e+02
1.043756e+02
1.079154e+02
1.139990e+02
1.080724e+02
9.255622e+01
7.795232e+01
6.833647e+01
5.929109e+01
5.750113e+01
4.764004e+01
4.947411e+01
3.803808e+01
2.186500e+01
1.392030e+01
1.882091e+00
-1.607897e+01
-3.989545e+01
-6.915154e+01
-7.565956e+01
-7.905843e+01
-8.856232e+01
-1.218518e+02
-1.547538e+02
