-5.228509e+01
-5.897998e+01
-7.590966e+01
-6.303849e+01
-5.866044e+01
-6.111517e+01
-6.122797e+01
-6.299968e+01
-6.789124e+01
-6.125721e+01
-6.148302e+01
-5.510321e+01
-6.036466e+01
-6.513097e+01
-4.984745e+01
-5.797655e+01
-4.438391e+01
-4.145116e+01
-4.061911e+01
-4.039629e+01
-3.790995e+01
-3.617685e+01
-3.626955e+01
-3.800834e+01
-3.956480e+01
-3.696271e+01
-3.462985e+01
-3.737296e+01
-3.574669e+01
-3.600640e+01
-3.458329e+01
-3.509085e+01
-3.291735e+01
-3.111603e+01
-2.963962e+01
-2.793061e+01
-2.750978e+01
-2.816688e+01
-2.935711e+01
-3.054232e+01
-3.135054e+01
-3.044384e+01
-2.851586e+01
-2.754962e+01
-2.986384e+01
-2.971600e+01
-2.541807e+01
-2.624243e+01
-2.324913e+01
-2.222840e+01
-1.995912e+01
-1.689881e+01
-1.684724e+01
-1.908592e+01
-2.118840e+01
-2.580058e+01
-3.153166e+01
-3.353143e+01
-3.436594e+01
-3.148211e+01
-3.022353e+01
-3.034707e+01
-2.916687e+01
-2.760682e+01
-2.573960e+01
-2.511222e+01
-2.463508e+01
-2.303619e+01
-2.379672e+01
-2.168335e+01
-2.083104e+01
-2.329215e+01
-2.241352e+01
-2.140461e+01
-2.445337e+01
-2.781470e+01
-2.807573e+01
-3.148060e+01
-3.218034e+01
-3.310883e+01
-3.039639e+01
-2.841895e+01
-2.621754e+01
-2.799662e+01
-3.192746e+01
-3.455251e+01
-3.473167e+01
-3.176284e+01
-3.123332e+01
-3.168614e+01
-2.966472e+01
-3.052245e+01
-3.366619e+01
-3.329411e+01
-3.276354e+01
-3.834563e+01
-3.993156e+01
-3.535388e+01
-3.266755e+01
-2.911191e+01
-2.925162e+01
-2.708045e+01
-2.797491e+01
-3.316268e+01
-4.318129e+01
-2.984432e+01
-2.544256e+01
-2.798945e+01
-2.664478e+01
-2.365485e+01
-2.328344e+01
-2.247350e+01
-2.541230e+01
-2.553151e+01
-2.689680e+01
-2.954332e+01
-3.007788e+01
-2.869445e+01
-2.674513e+01
-2.487037e+01
-2.842073e+01
-2.816132e+01
-3.069687e+01
-3.081660e+01
-2.968217e+01
-2.790488e+01
-3.194594e+01
-3.427508e+01
-3.722949e+01
-3.672069e+01
-3.325102e+01
-3.154772e+01
-3.264588e+01
-3.140854e+01
-3.134454e+01
-3.383027e+01
-3.045558e+01
-3.049064e+01
-3.277563e+01
-3.077443e+01
-2.908509e+01
-2.727345e+01
-2.842747e+01
-3.004959e+01
-2.936657e+01
-2.966297e+01
-3.410337e+01
-3.121074e+01
-2.993180e+01
-3.231635e+01
-3.030463e+01
-3.048142e+01
-2.976296e+01
-3.196628e+01
-3.164767e+01
-3.374226e+01
-3.558598e+01
-4.217261e+01
-4.544191e+01
-3.576443e+01
-2.898831e+01
-2.963409e+01
-2.998884e+01
-3.244903e+01
-3.662453e+01
-3.869703e+01
-3.394954e+01
-2.975677e+01
-2.688674e+01
-2.381061e+01
-2.448770e+01
-2.368130e+01
-2.583567e+01
-3.012832e+01
-3.465812e+01
-3.041555e+01
-3.021245e+01
-3.018587e+01
-2.981149e+01
-3.491846e+01
-3.888235e+01
-4.508657e+01
-3.256381e+01
-2.981565e+01
-3.102437e+01
-3.290844e+01
-3.188299e+01
-3.255613e+01
-3.017367e+01
-2.875732e+01
-2.774979e+01
-2.590808e+01
-2.746317e+01
-2.837243e+01
-2.794599e+01
-2.632638e+01
-2.665778e+01
-2.429183e+01
-2.476862e+01
-2.664838e+01
-2.863787e+01
-3.082690e+01
-2.988000e+01
-3.283371e+01
-3.807717e+01
-4.584504e+01
-3.688976e+01
-3.236725e+01
-3.212018e+01
-2.977878e+01
-2.744744e+01
-2.715846e+01
-2.701273e+01
-2.737573e+01
-2.904607e+01
-3.291064e+01
-3.361128e+01
-3.240411e+01
-3.470014e+01
-3.686348e+01
-4.297866e+01
-3.789497e+01
-3.316360e+01
-3.013205e+01
-2.882033e+01
-2.677794e+01
-2.527484e+01
-2.478546e+01
-2.678370e+01
-2.834599e+01
-2.510079e+01
-2.189777e+01
-1.976667e+01
-2.060094e+01
-2.193187e+01
-2.237645e+01
-2.443198e+01
-2.725335e+01
-2.857862e+01
-2.858500e+01
-2.983403e+01
-3.113438e+01
-3.127045e+01
-2.848059e+01
-2.968309e+01
-2.980946e+01
-2.770188e+01
-2.672453e+01
-2.572440e+01
-2.348639e+01
-2.476790e+01
-2.495358e+01
-2.406062e+01
-2.544367e+01
-2.707902e+01
-4.154881e+01
-3.400310e+01
-2.804239e+01
-3.005099e+01
-2.859868e+01
-2.516071e+01
-2.529605e+01
-2.957436e+01
-2.959424e+01
-2.429766e+01
-2.308854e+01
-2.294772e+01
-2.506869e+01
-2.817329e+01
-3.002448e+01
-3.237194e+01
-3.647797e+01
-4.558780e+01
-4.281176e+01
-3.700352e+01
-3.486358e+01
-3.225888e+01
-3.358014e+01
-3.325880e+01
-3.510245e+01
-3.092030e+01
-3.009735e+01
-3.328131e+01
-3.408836e+01
-3.461622e+01
-3.451311e+01
-3.410806e+01
-3.305094e+01
-3.353753e+01
-3.199448e+01
-3.289466e+01
-3.129771e+01
-2.784838e+01
-2.703094e+01
-3.124664e+01
-3.521502e+01
-3.009678e+01
-2.884576e+01
-2.841259e+01
-2.679634e+01
-2.767086e+01
-2.780326e+01
-2.637770e+01
-2.740754e+01
-2.608575e+01
-2.590581e+01
-2.386907e+01
-2.381455e+01
-2.250248e+01
-2.127014e+01
-2.117291e+01
-2.237333e+01
-2.650377e+01
-2.352801e+01
-2.661804e+01
-2.961783e+01
-2.916452e+01
-2.784734e+01
-3.090997e+01
-3.910315e+01
-4.110118e+01
-3.061029e+01
-2.769627e+01
-2.777394e+01
-2.719022e+01
-2.805334e+01
-2.932884e+01
-3.748967e+01
-4.132584e+01
-3.404988e+01
-3.411447e+01
-3.098201e+01
-2.879485e+01
-2.902895e+01
-3.118705e+01
-3.099466e+01
-2.849680e+01
-2.869989e+01
-2.751140e+01
-2.561243e+01
-2.639333e+01
-2.833803e+01
-3.101440e+01
-3.196457e+01
-3.255365e+01
-3.037100e+01
-2.891538e+01
-3.048928e+01
-2.919054e+01
-2.682098e+01
-2.615206e+01
-2.453776e+01
-2.503240e+01
-2.672026e+01
-2.964769e+01
-3.031792e+01
-2.851602e+01
-2.913544e+01
-3.036311e+01
-3.096335e+01
-2.930106e+01
-2.823796e+01
-2.762226e+01
-2.787664e+01
-2.649660e+01
-2.509931e+01
-2.426781e+01
-2.746173e+01
-2.888592e+01
-3.195402e+01
-3.285135e+01
-3.127883e+01
-3.010598e+01
-2.972355e+01
-2.776227e+01
-2.658989e+01
-2.555390e+01
-2.499978e+01
-2.394744e+01
-2.473950e+01
-2.431238e+01
-2.439037e+01
-2.397902e+01
-2.468394e+01
-2.569375e+01
-2.727048e+01
-2.900929e+01
-2.807975e+01
-2.769405e+01
-2.727874e+01
-2.680284e+01
-2.719522e+01
-2.620983e+01
-2.531066e+01
-2.571858e+01
-2.672238e+01
-2.732264e+01
-3.064740e+01
-3.482811e+01
-4.209615e+01
-3.714537e+01
