0.000000e+00
2.118539e+01
-1.018370e+02
-1.379465e+02
1.644544e+02
1.524464e+02
-1.603085e-01
-1.054339e+02
1.218221e+02
-4.991267e+01
6.882121e+01
-4.070953e+01
1.866783e+00
-2.518212e+01
-7.330876e+01
-3.473451e+01
-6.188485e+01
-1.104903e+02
-1.148014e+02
-1.449073e+02
-1.672567e+02
1.785718e+02
1.514309e+02
1.375204e+02
1.232496e+02
1.235770e+02
1.165350e+02
9.332558e+01
9.042487e+01
1.010495e+02
9.177504e+01
8.659357e+01
8.410497e+01
7.389806e+01
6.648438e+01
4.847328e+01
3.415751e+01
2.029893e+01
1.107889e-01
-3.047042e+00
2.999395e+00
2.333034e+00
-5.070692e+00
-1.813064e+01
-3.083549e+01
-2.037747e+01
-1.332355e+01
-3.109758e+01
-3.422200e+01
-4.343060e+01
-4.812908e+01
-7.620582e+01
-1.166145e+02
-1.384879e+02
-1.657799e+02
1.784941e+02
-1.680678e+02
-1.609184e+02
-1.414119e+02
-1.428987e+02
-1.399823e+02
-1.250036e+02
-1.343691e+02
-1.344316e+02
-1.400228e+02
-1.528574e+02
-1.643417e+02
-1.699892e+02
-1.760305e+02
1.751623e+02
1.522805e+02
1.403296e+02
1.341476e+02
1.134548e+02
9.090168e+01
7.856854e+01
8.029588e+01
8.903961e+01
9.271356e+01
1.081824e+02
1.086647e+02
1.042672e+02
8.152174e+01
6.410629e+01
3.631443e+01
4.938650e+01
7.883385e+01
7.737475e+01
6.646830e+01
6.976012e+01
5.166103e+01
4.210730e+01
3.869497e+01
4.262653e+01
2.088267e+01
1.160855e+01
5.707985e+01
9.120931e+01
9.049203e+01
6.894040e+01
6.461184e+01
3.840914e+01
2.028448e+01
-9.900786e+00
5.726556e+01
7.389052e+01
3.440350e+01
2.563294e+01
3.207149e+01
1.611341e+01
-1.249411e-01
-3.637349e+01
-4.626374e+01
-4.773629e+01
-5.782486e+01
-6.869069e+01
-5.362030e+01
-4.488453e+01
-5.387410e+01
-7.311464e+01
-9.118771e+01
-9.643524e+01
-1.023186e+02
-8.615634e+01
-9.598121e+01
-1.141165e+02
-1.291304e+02
-1.321529e+02
-1.168640e+02
-8.819158e+01
-1.031647e+02
-1.102957e+02
-1.073111e+02
-1.256164e+02
-1.276440e+02
-1.262784e+02
-1.235104e+02
-1.433362e+02
-1.352520e+02
-1.220672e+02
-1.355045e+02
-1.423551e+02
-1.615703e+02
-1.711493e+02
-1.704831e+02
1.620011e+02
1.713509e+02
1.688162e+02
1.664883e+02
1.530641e+02
1.545833e+02
1.390547e+02
1.232678e+02
1.144851e+02
1.093957e+02
9.045381e+01
6.404057e+01
1.528344e+01
-6.145826e+01
-1.691606e+02
1.589274e+02
1.071643e+02
7.935405e+01
4.288245e+01
-4.415123e+00
-5.819614e+01
-8.499048e+01
-1.504351e+02
1.569668e+02
1.132120e+02
9.460566e+01
5.451437e+01
4.215615e+01
3.005383e+01
5.205643e+01
4.097491e+01
2.397473e+01
6.401320e+00
-2.412529e+01
-4.560817e+01
-7.279687e+01
8.229203e+01
6.132682e+01
1.715006e+01
-4.109802e+00
-1.820027e+01
-1.896537e+01
-2.429237e+01
-1.845506e+01
-2.946183e+01
-5.200008e+01
-6.752551e+01
-9.014217e+01
-1.089303e+02
-1.096326e+02
-1.320183e+02
-1.409071e+02
-1.630430e+02
1.651236e+02
1.548604e+02
1.438701e+02
1.381061e+02
1.158590e+02
1.118174e+02
6.015461e+01
-1.195690e+02
-1.633826e+02
1.669908e+02
1.412310e+02
1.346183e+02
1.197052e+02
1.023971e+02
7.266051e+01
5.936774e+01
4.678990e+01
1.814995e+01
3.147600e+01
2.760148e+01
8.461082e+00
-4.237205e+01
-1.328624e+02
1.734537e+02
1.184238e+02
1.027415e+02
8.759256e+01
6.680759e+01
5.322995e+01
3.963235e+01
2.673059e+01
2.790642e+01
3.242591e+01
1.545439e+01
-8.588818e+00
-3.303526e+01
-4.415155e+01
-6.784050e+01
-8.134883e+01
-8.909404e+01
-8.168114e+01
-8.245547e+01
-8.397586e+01
-8.749670e+01
-7.656686e+01
-7.054204e+01
-9.495323e+01
-8.443602e+01
-7.987828e+01
-8.574477e+01
-1.016666e+02
-1.066656e+02
-1.306763e+02
-1.418435e+02
-1.566170e+02
-1.720167e+02
1.528096e+02
1.675986e+02
-1.097297e+02
-1.498419e+02
-1.641326e+02
-1.447971e+02
-1.693759e+02
1.676342e+02
1.660701e+02
1.780988e+02
1.681562e+02
1.517912e+02
1.207068e+02
8.670305e+01
6.822874e+01
5.886386e+01
5.946112e+01
8.338358e+01
1.828270e+01
9.771093e+01
1.382942e+02
1.117314e+02
9.781998e+01
8.517587e+01
8.965707e+01
7.335772e+01
5.503899e+01
2.295493e+01
1.594476e+01
8.417328e+00
-1.441184e+01
-9.646610e+00
-4.920070e+01
-6.621107e+01
-8.301546e+01
-1.124237e+02
-1.274147e+02
-1.272301e+02
-1.635562e+02
1.622506e+02
1.411960e+02
1.770742e+02
1.614995e+02
1.431361e+02
1.261494e+02
1.249575e+02
1.139923e+02
1.048424e+02
1.044952e+02
9.855714e+01
9.855719e+01
8.697046e+01
7.219478e+01
6.600246e+01
5.832836e+01
4.307429e+01
1.358977e+01
-4.873462e+00
-1.841568e+00
-9.767994e+00
-3.782105e+01
-3.458692e+01
-2.937211e+01
-4.242200e+01
-6.612353e+01
-3.485387e+01
-1.756610e+01
9.608219e+00
-1.400598e+00
-3.642196e+01
-5.254621e+01
-6.695237e+01
-1.089745e+02
-1.131618e+02
1.856402e+01
-2.635012e+01
-4.123909e+01
-2.861868e+01
-4.775974e+01
-6.433324e+01
-6.760088e+01
-5.211750e+01
-6.720319e+01
-7.005879e+01
-7.802364e+01
-1.031033e+02
-1.137109e+02
-1.297149e+02
-1.346927e+02
-1.213015e+02
-1.047609e+02
-1.042069e+02
-1.137831e+02
-1.248068e+02
-1.173924e+02
-1.154404e+02
-1.250871e+02
-1.405327e+02
-1.757354e+02
1.698203e+02
1.718462e+02
-1.736099e+02
1.797894e+02
1.738172e+02
1.793813e+02
-1.760711e+02
-1.724307e+02
-1.783341e+02
1.714623e+02
1.627903e+02
1.640560e+02
1.541344e+02
1.251846e+02
1.132473e+02
1.085517e+02
1.145972e+02
1.298308e+02
1.315862e+02
1.370123e+02
1.347389e+02
1.288750e+02
1.262402e+02
1.158628e+02
1.092534e+02
8.953472e+01
8.215897e+01
7.068455e+01
7.283102e+01
5.656929e+01
4.251601e+01
3.460042e+01
2.777898e+01
2.919593e+01
3.051492e+01
2.462078e+01
1.762377e+01
1.021322e+01
1.025418e+01
5.676928e+00
-1.079617e+01
-2.740318e+01
-4.261524e+01
-6.775381e+01
-8.418276e+01
-9.768082e+01
-7.664725e+01
-3.819093e+01
