-5.569578e+01
-6.686546e+01
-6.296235e+01
-6.242472e+01
-6.922272e+01
-6.964382e+01
-6.198927e+01
-7.301967e+01
-6.267314e+01
-6.520869e+01
-6.040628e+01
-5.801368e+01
-5.702967e+01
-6.376995e+01
-5.709467e+01
-4.912032e+01
-5.384930e+01
-4.519820e+01
-4.267986e+01
-4.315884e+01
-3.935646e+01
-3.684284e+01
-3.701207e+01
-3.629541e+01
-3.863527e+01
-3.857475e+01
-3.899094e+01
-3.857618e+01
-3.824319e+01
-3.661660e+01
-3.667230e+01
-3.732163e+01
-3.521128e+01
-3.443652e+01
-3.054988e+01
-2.893510e+01
-3.032661e+01
-2.807124e+01
-2.916664e+01
-3.233590e+01
-3.171210e+01
-3.001941e+01
-3.008865e+01
-2.863078e+01
-2.852679e+01
-2.893812e+01
-2.969832e+01
-3.204204e+01
-2.934528e+01
-2.882597e+01
-2.197445e+01
-2.107965e+01
-1.938318e+01
-2.002293e+01
-2.191266e+01
-2.733780e+01
-3.026434e+01
-3.628328e+01
-4.010381e+01
-4.138233e+01
-3.779807e+01
-3.833835e+01
-3.392011e+01
-3.132763e+01
-2.827038e+01
-2.566893e+01
-2.443699e+01
-2.230303e+01
-2.054314e+01
-1.872910e+01
-1.960904e+01
-2.278312e+01
-2.616634e+01
-2.657248e+01
-2.729151e+01
-2.655968e+01
-2.637876e+01
-2.872885e+01
-3.219527e+01
-3.793418e+01
-4.477597e+01
-4.226200e+01
-4.554454e+01
-3.709725e+01
-3.870568e+01
-4.668586e+01
-4.691151e+01
-3.721597e+01
-3.890450e+01
-4.065280e+01
-3.456165e+01
-2.965665e+01
-2.993793e+01
-3.264132e+01
-3.173592e+01
-2.869536e+01
-2.866039e+01
-3.473175e+01
-5.626227e+01
-3.408847e+01
-2.986570e+01
-2.820146e+01
-3.258242e+01
-4.030400e+01
-2.986091e+01
-2.560572e+01
-2.561506e+01
-2.369292e+01
-2.434979e+01
-2.486594e+01
-2.843065e+01
-2.839739e+01
-2.971307e+01
-3.049462e+01
-3.130735e+01
-3.139372e+01
-3.146534e+01
-3.124902e+01
-2.990734e+01
-2.887022e+01
-2.923722e+01
-3.096665e+01
-3.307311e+01
-3.580204e+01
-3.363892e+01
-3.457677e+01
-3.465284e+01
-3.701632e+01
-4.489836e+01
-3.675745e+01
-3.618773e+01
-3.269344e+01
-2.838437e+01
-2.700691e+01
-2.589239e+01
-2.791359e+01
-3.195223e+01
-3.534501e+01
-4.372780e+01
-5.340451e+01
-5.272432e+01
-3.733845e+01
-3.686354e+01
-3.285353e+01
-3.034601e+01
-2.794318e+01
-2.625097e+01
-2.618112e+01
-2.601570e+01
-2.836238e+01
-2.896985e+01
-3.310350e+01
-3.860470e+01
-4.304025e+01
-4.496438e+01
-3.572695e+01
-3.301015e+01
-3.308077e+01
-3.423837e+01
-5.092402e+01
-3.755431e+01
-3.596776e+01
-3.143505e+01
-2.945606e+01
-3.190783e+01
-3.041239e+01
-2.936776e+01
-2.553350e+01
-2.344444e+01
-2.438227e+01
-2.670330e+01
-2.709829e+01
-2.755622e+01
-2.859624e+01
-2.761213e+01
-2.979162e+01
-3.244736e+01
-3.408361e+01
-3.633512e+01
-3.948812e+01
-3.551228e+01
-3.436342e+01
-3.478365e+01
-3.354652e+01
-3.336635e+01
-3.109193e+01
-2.984311e+01
-3.058639e+01
-2.874461e+01
-2.723181e+01
-2.624126e+01
-2.811769e+01
-2.751418e+01
-2.796448e+01
-2.923139e+01
-2.804466e+01
-2.632212e+01
-2.453908e+01
-2.335725e+01
-2.494322e+01
-2.715430e+01
-2.511888e+01
-2.487969e+01
-2.302048e+01
-2.331952e+01
-2.491965e+01
-2.660089e+01
-3.062893e+01
-3.206293e+01
-3.870951e+01
-3.346615e+01
-2.959942e+01
-2.956751e+01
-2.995820e+01
-3.107575e+01
-3.170890e+01
-3.112514e+01
-2.823976e+01
-2.789065e+01
-3.133884e+01
-3.216531e+01
-3.240221e+01
-3.140220e+01
-3.249334e+01
-3.615805e+01
-4.018291e+01
-4.375591e+01
-4.158464e+01
-3.141854e+01
-2.916308e+01
-2.748845e+01
-2.608348e+01
-2.714141e+01
-2.808488e+01
-2.760114e+01
-2.839173e+01
-3.551674e+01
-3.783875e+01
-3.669839e+01
-3.211198e+01
-3.268053e+01
-3.632567e+01
-3.860476e+01
-3.448587e+01
-2.997506e+01
-2.873873e+01
-2.912934e+01
-3.223965e+01
-3.304963e+01
-2.887052e+01
-2.968336e+01
-3.113659e+01
-3.231248e+01
-2.936118e+01
-2.810563e+01
-2.946381e+01
-2.990950e+01
-2.783082e+01
-2.660492e+01
-2.683927e+01
-2.903990e+01
-3.023057e+01
-3.032753e+01
-3.055087e+01
-2.560325e+01
-2.640646e+01
-2.734133e+01
-2.981074e+01
-3.369994e+01
-3.213109e+01
-3.110403e+01
-3.316382e+01
-3.375727e+01
-3.480069e+01
-3.471999e+01
-3.898075e+01
-3.616595e+01
-3.423463e+01
-3.660129e+01
-3.678695e+01
-3.309293e+01
-3.356322e+01
-3.354542e+01
-3.108508e+01
-3.269610e+01
-3.537150e+01
-3.379443e+01
-2.956596e+01
-2.828012e+01
-2.739132e+01
-2.748998e+01
-2.665372e+01
-2.606079e+01
-2.782137e+01
-2.594023e+01
-2.550886e+01
-2.648589e+01
-2.780285e+01
-2.735448e+01
-2.930120e+01
-3.477134e+01
-3.644611e+01
-4.068444e+01
-3.354602e+01
-2.899721e+01
-2.729723e+01
-2.781189e+01
-2.584657e+01
-2.902474e+01
-2.961588e+01
-3.031779e+01
-3.174076e+01
-3.687459e+01
-3.549020e+01
-3.111427e+01
-2.992192e+01
-2.943871e+01
-3.484319e+01
-5.311612e+01
-3.544942e+01
-3.322285e+01
-3.581829e+01
-4.544133e+01
-4.305498e+01
-3.626218e+01
-3.162242e+01
-3.195334e+01
-3.385573e+01
-3.368055e+01
-3.399830e+01
-3.815012e+01
-4.878677e+01
-4.067974e+01
-3.558820e+01
-3.208757e+01
-3.329678e+01
-3.549190e+01
-3.476064e+01
-3.317826e+01
-3.011484e+01
-3.051252e+01
-2.765372e+01
-2.899048e+01
-2.882425e+01
-2.872250e+01
-3.116471e+01
-3.287154e+01
-3.056291e+01
-2.963734e+01
-2.926482e+01
-2.618689e+01
-2.623752e+01
-2.783591e+01
-2.815372e+01
-2.940915e+01
-2.763640e+01
-2.711097e+01
-2.616124e+01
-2.589773e+01
-2.600005e+01
-2.687065e+01
-2.815574e+01
-2.877151e+01
-2.815305e+01
-2.875618e+01
-2.993102e+01
-3.006472e+01
-3.330141e+01
-3.549220e+01
-3.512405e+01
-3.744725e+01
-3.725853e+01
-3.511160e+01
-3.431659e+01
-3.627207e+01
-3.654984e+01
-3.579246e+01
-3.346804e+01
-3.245450e+01
-3.544774e+01
-3.501592e+01
-3.634129e+01
-3.893241e+01
-3.984819e+01
-4.054272e+01
-3.758206e+01
-3.805776e+01
-3.667702e+01
-3.419859e+01
-3.940860e+01
-7.242300e+01
-4.471693e+01
-4.390004e+01
-4.816269e+01
-3.961775e+01
-3.320065e+01
-3.224377e+01
-3.080672e+01
-3.424854e+01
-3.927175e+01
-4.195759e+01
