-1.800000e+02
1.075931e+02
-1.663058e+02
1.330476e+02
1.673193e+02
1.758294e+02
1.282953e+02
-8.706438e+01
-1.773301e+02
8.000816e+01
-2.949452e+01
2.364970e+01
-6.784599e+01
5.458258e+01
-1.363227e+01
-7.656075e+01
-8.415292e+01
-9.759683e+01
-1.085717e+02
-1.378776e+02
-1.462734e+02
1.796581e+02
1.552181e+02
1.488499e+02
1.237851e+02
1.178050e+02
1.005577e+02
1.078141e+02
1.111425e+02
1.127188e+02
9.843632e+01
9.517049e+01
9.422231e+01
9.172724e+01
8.717003e+01
5.876018e+01
3.782640e+01
2.701625e+01
5.081330e+00
-4.201123e+00
3.102737e+00
4.262419e+00
-1.845010e+00
-1.825630e+01
-4.021183e+01
-3.768331e+01
-5.202951e+01
-5.824754e+01
-2.404998e+01
-1.571688e+01
-5.839692e+01
-6.565299e+01
-1.169392e+02
-1.521540e+02
-1.695034e+02
1.622911e+02
1.295465e+02
7.875729e+01
6.925755e+01
5.444193e+00
-8.839565e+01
-7.558394e+01
-6.454749e+01
-7.740620e+01
-9.717450e+01
-1.182260e+02
-1.298003e+02
-1.513739e+02
-1.637893e+02
1.659557e+02
1.283868e+02
9.775420e+01
9.727498e+01
7.621583e+01
6.570209e+01
5.004570e+01
2.042110e+01
-2.301878e+01
-7.044862e+01
-1.078292e+02
-5.611940e+01
-7.859495e+01
-5.334303e+01
-1.188831e+02
1.757541e+02
1.258753e+02
-1.000488e+02
-1.043480e+02
-1.336717e+02
-1.410048e+02
-1.300209e+02
-1.590513e+02
1.638304e+02
1.483939e+02
1.705221e+02
1.487955e+02
1.192042e+02
7.388246e+01
1.259137e+02
-1.694830e+02
1.568530e+02
1.287278e+02
9.646664e+01
1.771239e+02
1.523613e+02
1.255814e+02
1.061640e+02
8.929995e+01
6.655682e+01
4.700766e+01
2.996785e+01
3.793008e+01
2.834206e+01
2.204317e+01
1.707346e+01
1.752631e+01
2.436008e+01
2.442094e+01
1.218170e+01
-2.134758e+00
-1.565543e+01
-2.671781e+01
-4.206710e+01
-2.567097e+01
-3.133889e+01
-3.429198e+01
-4.296352e+01
-5.601306e+01
-4.575346e+01
1.716801e+00
1.146381e+01
9.563802e+00
-8.030667e+00
-4.088705e+01
-6.820460e+01
-9.253278e+01
-1.242214e+02
-1.491904e+02
-1.747442e+02
-1.365547e+02
-1.677480e+02
9.368859e+01
2.243881e+01
-9.452945e+00
-9.406683e+00
-4.556809e+01
-6.409750e+01
-8.648012e+01
-1.176496e+02
-1.402405e+02
-1.594759e+02
1.674147e+02
1.398774e+02
1.158124e+02
-2.557742e+01
-7.974454e+01
-1.047543e+02
-1.375374e+02
1.779973e+02
9.973460e+01
-6.221021e+01
-8.973894e+01
-1.068101e+02
-1.286492e+02
-1.536768e+02
-1.630792e+02
-1.552970e+02
1.762227e+02
1.530282e+02
1.231300e+02
9.804466e+01
7.763084e+01
5.633382e+01
3.058532e+01
3.561939e+00
-1.692057e+01
-3.698552e+01
-4.492012e+01
-4.236270e+01
-5.751844e+01
-2.939669e+01
-3.089716e+01
-6.340155e+01
-7.714122e+01
-5.751667e+01
-7.316690e+01
-8.754568e+01
-8.611996e+01
-9.647868e+01
-1.131731e+02
-1.324172e+02
-1.365480e+02
-1.406304e+02
-1.545793e+02
-1.640488e+02
-1.492887e+02
-1.572188e+02
-1.727325e+02
1.628531e+02
1.469882e+02
1.531945e+02
1.444924e+02
1.397952e+02
1.163680e+02
9.824553e+01
7.899840e+01
6.803912e+01
5.237523e+01
5.980248e+01
9.592263e+01
1.069952e+02
9.726634e+01
7.725161e+01
6.626301e+01
6.613602e+01
6.151774e+01
6.498238e+01
6.046273e+01
3.900819e+01
2.222300e+01
2.306920e+01
3.267585e+01
2.298600e+01
-7.238936e+00
7.344087e-02
-6.907054e+00
1.064130e+02
1.045274e+02
9.426490e+01
6.081182e+01
4.308169e+01
2.128259e+01
-6.024603e+00
-2.030645e+01
-2.981455e+01
-6.213803e+01
-8.208327e+01
-2.537136e+01
-2.344066e+01
-2.818258e+01
-4.800485e+01
-5.609862e+01
-3.234735e+01
-5.615183e+00
-2.590828e+01
-5.242335e+01
-6.833295e+01
-8.048111e+01
-7.006362e+01
-6.693604e+01
-8.488212e+01
-9.667781e+01
-9.365344e+01
-9.203870e+01
-1.192154e+02
-1.287352e+02
-1.304487e+02
-1.325430e+02
-1.595001e+02
1.763146e+02
1.663647e+02
1.553194e+02
1.436534e+02
1.490055e+02
1.309801e+02
1.072427e+02
7.854566e+01
4.562382e+01
5.237033e+01
4.145731e+01
1.188119e+01
-6.312212e+00
-1.165399e+01
-2.099940e+01
-4.288497e+01
-4.205318e+01
-3.029429e+01
-4.869042e+01
-5.439797e+01
-5.639217e+01
-6.744827e+01
-7.889465e+01
-8.214507e+01
-9.846531e+01
-1.318727e+02
-8.607539e+01
-7.414219e+01
-9.454761e+01
-1.083618e+02
-1.315049e+02
-1.410993e+02
-1.617954e+02
1.781345e+02
1.771758e+02
1.737239e+02
1.380042e+02
1.191514e+02
1.191377e+02
8.940894e+01
5.959751e+01
4.757718e+01
3.668347e+01
-1.324563e+02
1.754320e+02
1.129906e+02
8.512212e+01
4.430876e+01
-1.777568e+00
-8.118573e+01
-1.541973e+02
1.058272e+02
5.551244e+01
4.207253e+00
4.919593e+01
8.051704e+00
-5.287274e+00
-6.948897e+01
-1.032965e+02
-5.499519e+01
-5.000715e+01
-1.041066e+02
-1.505654e+02
1.789856e+02
1.106690e+01
-7.022367e+01
-1.039560e+02
-1.466983e+02
-1.636766e+02
1.689727e+02
1.445127e+02
1.203755e+02
-7.880295e+01
-1.518408e+02
-1.626002e+02
1.723049e+02
1.462276e+02
1.413887e+02
1.577217e+02
1.362645e+02
1.239584e+02
1.196624e+02
1.045033e+02
9.060872e+01
7.522413e+01
6.144588e+01
4.384010e+01
4.794613e+01
5.698991e+01
4.918550e+01
4.662146e+01
3.259798e+01
1.250933e+01
-1.009729e+01
-1.464680e+01
-1.211427e+01
-2.846805e+01
-2.709079e+01
-4.516974e+01
-5.878503e+01
-7.115154e+01
-8.825449e+01
-9.408762e+01
-1.045516e+02
-1.252957e+02
-1.408174e+02
-1.526194e+02
-1.730066e+02
1.633116e+02
1.781849e+02
1.726132e+02
1.564886e+02
1.686404e+02
1.444034e+02
1.207881e+02
1.014900e+02
1.036882e+02
9.330917e+01
5.802231e+01
3.029763e+01
-2.262588e+01
-4.252628e+01
-1.001661e+02
-1.354038e+02
1.497146e+02
4.178776e+01
-2.125161e+01
-6.169630e+01
-8.468788e+01
-1.460335e+02
-1.769263e+02
2.228908e+01
-1.244096e+02
1.798506e+02
7.546897e+01
-3.474347e+01
-1.113480e+02
-1.635159e+02
1.345912e+02
1.193126e+02
8.929685e+01
8.223494e+01
