0.000000e+00
5.949887e+01
-1.581374e+02
3.744252e+01
1.714561e+02
-1.439943e+02
1.807386e+01
-3.276812e+01
9.147653e+01
1.394102e+02
-4.681129e+00
-4.788344e+01
-2.226933e+01
-2.549828e+01
-3.242315e+01
-1.411213e+01
-5.344328e+01
-5.649072e+01
-8.593531e+01
-1.177497e+02
-1.333555e+02
-1.614871e+02
-1.663768e+02
1.649111e+02
1.525834e+02
1.508971e+02
1.406866e+02
1.272967e+02
1.170319e+02
1.122366e+02
1.106742e+02
1.024534e+02
1.008724e+02
9.722995e+01
8.630424e+01
7.456889e+01
7.437283e+01
6.749550e+01
6.415063e+01
5.020246e+01
5.321849e+01
5.210727e+01
3.483323e+01
4.534532e+01
3.523108e+01
2.798434e+01
1.898469e+01
5.519795e+00
-1.193964e+01
-2.360792e+01
-3.237482e+01
-4.655965e+01
-6.994024e+01
-9.001709e+01
-1.037694e+02
-1.312315e+02
-1.332122e+02
-1.403747e+02
-1.344846e+02
-1.265877e+02
-1.260338e+02
-1.061090e+02
-1.056285e+02
-9.596779e+01
-1.006764e+02
-1.111534e+02
-1.089779e+02
-1.229754e+02
-1.398604e+02
-1.674536e+02
1.669094e+02
1.459379e+02
1.349083e+02
1.213292e+02
1.054629e+02
9.721650e+01
6.597935e+01
5.589326e+01
3.580448e+01
1.108064e+01
-1.765924e+01
-3.486158e+01
-5.096921e+01
-6.008938e+01
-6.369747e+01
-7.044106e+01
-5.405582e+01
-5.418737e+01
-5.087328e+01
-5.268328e+01
-4.794326e+01
-6.157725e+01
-8.165549e+01
-9.766740e+01
-1.157945e+02
-1.351256e+02
-1.468432e+02
-1.631300e+02
-1.707380e+02
-1.722324e+02
-1.783941e+02
-1.750298e+02
1.780882e+02
-1.769908e+02
-1.756827e+02
1.787006e+02
1.749847e+02
1.681745e+02
1.605118e+02
1.576284e+02
1.361555e+02
1.272295e+02
1.101956e+02
9.754807e+01
8.607217e+01
8.024065e+01
7.767474e+01
7.895971e+01
7.682808e+01
8.717178e+01
7.915967e+01
8.480775e+01
8.344564e+01
8.186322e+01
7.962092e+01
7.131754e+01
6.299720e+01
4.979613e+01
4.250296e+01
3.182215e+01
3.241863e+01
4.806605e+01
4.270882e+01
4.137943e+01
5.294245e+01
3.822445e+01
3.416579e+01
2.773346e+01
2.585885e+01
2.550446e+01
1.013865e+02
8.870559e+01
9.151350e+01
1.008132e+02
7.928141e+01
7.215422e+01
5.393409e+01
4.620148e+01
3.841965e+01
5.207802e+01
4.879825e+01
5.518501e+01
6.821247e+01
1.020701e+02
8.977897e+01
8.278820e+01
6.690302e+01
5.171653e+01
2.053283e+01
3.953274e+01
1.162237e+02
1.367087e+02
1.394092e+02
1.330951e+02
1.101917e+02
1.125387e+02
9.932357e+01
9.261504e+01
8.556468e+01
7.056169e+01
5.726833e+01
4.935192e+01
3.351768e+01
2.929996e+01
1.699270e+01
1.512351e+01
1.352212e+01
7.997696e+00
2.936833e+00
-2.832221e+00
-1.322857e+01
-2.996133e+01
-4.697009e+01
-6.164853e+01
-7.931202e+01
-9.571262e+01
-1.210809e+02
-1.446037e+02
-1.499306e+02
-1.742862e+02
1.712110e+02
1.520297e+02
1.431800e+02
1.265296e+02
1.117414e+02
9.924120e+01
8.048360e+01
7.331976e+01
5.705890e+01
4.228929e+01
3.452157e+01
1.603487e+01
8.412051e+00
-9.475444e-01
-8.905350e+00
-1.499906e+01
-2.367661e+01
-3.337622e+01
-3.535558e+01
-3.695615e+01
-3.256153e+01
-1.969013e+01
-1.641939e+01
-1.668353e+01
-1.380359e+01
-2.291855e+01
-3.126173e+01
-3.253378e+01
-4.421844e+01
-5.737902e+01
-6.191038e+01
-8.062135e+01
-8.987132e+01
-9.286908e+01
-9.902340e+01
-9.395327e+01
-9.386555e+01
-8.847663e+01
-7.644601e+01
-6.798119e+01
-7.273888e+01
-6.544910e+01
-6.528172e+01
-6.957774e+01
-7.779027e+01
-8.107844e+01
-9.198203e+01
-9.433762e+01
-9.994468e+01
-9.787321e+01
-1.003451e+02
-1.134788e+02
-1.207600e+02
-1.269578e+02
-1.359609e+02
-1.496103e+02
-1.660364e+02
-1.746336e+02
1.702112e+02
1.556535e+02
1.459507e+02
1.229604e+02
1.119612e+02
9.682174e+01
7.925148e+01
5.941459e+01
2.488780e+01
2.493979e+01
-2.854178e+01
-2.826246e+01
-6.190118e+01
-5.656588e+01
-8.746223e+01
-9.713956e+01
-1.019034e+02
-9.693241e+01
-1.110416e+02
-1.299186e+02
-1.329848e+02
-1.264582e+02
-1.326543e+02
-1.489337e+02
-1.450720e+02
-1.376162e+02
-1.218241e+02
-1.269440e+02
-1.256792e+02
-1.305791e+02
-1.358565e+02
-1.360037e+02
-1.265994e+02
-1.373941e+02
-1.398412e+02
-1.485632e+02
-1.631953e+02
-1.701854e+02
1.784745e+02
1.760246e+02
1.629410e+02
1.538699e+02
1.396509e+02
1.336267e+02
1.194043e+02
1.036412e+02
9.010658e+01
7.286463e+01
5.874663e+01
5.650501e+01
-1.169627e+02
-1.756053e+02
1.793426e+02
1.583482e+02
1.385284e+02
1.250002e+02
1.186550e+02
1.082121e+02
8.856435e+01
8.639085e+01
8.087444e+01
7.289701e+01
6.745194e+01
6.324879e+01
5.234433e+01
4.844393e+01
3.655958e+01
3.183446e+01
1.989629e+01
2.360402e+01
3.144198e+01
5.316567e+01
1.150310e+02
9.627616e+01
8.531280e+01
7.299815e+01
5.959932e+01
4.820792e+01
3.264782e+01
2.265574e+01
1.930785e+01
2.406073e+01
2.393308e+01
3.583932e+01
3.698629e+01
5.035986e+01
6.981834e+01
6.126547e+01
6.702516e+01
6.838918e+01
5.733297e+01
6.388143e+01
4.382775e+01
3.721365e+01
2.580396e+01
1.442472e+01
6.364332e+00
-6.700438e-01
-1.375483e+01
-2.551250e+01
-3.350320e+01
-4.262057e+01
-4.431024e+01
-4.306462e+01
-5.141324e+01
-6.136532e+01
-6.325719e+01
-7.566617e+01
-8.520525e+01
-6.653570e+01
-3.244561e+01
-2.396679e+01
-2.658792e+01
-3.589596e+01
-5.748335e+01
-6.506968e+01
-7.565292e+01
-9.703688e+01
-1.016651e+02
-1.189411e+02
-1.235181e+02
-1.320374e+02
-1.432695e+02
-1.519568e+02
-1.674287e+02
-1.797961e+02
1.602140e+02
1.486609e+02
1.299981e+02
1.140767e+02
5.847168e+01
4.247972e+01
-2.751069e+01
-4.887785e+01
-5.270277e+01
-8.594611e+01
-7.810953e+01
-9.722657e+01
-9.709312e+01
-9.484138e+01
-9.438334e+01
-1.058939e+02
-1.150817e+02
-1.266255e+02
-1.480831e+02
-1.693071e+02
1.752940e+02
1.601095e+02
1.514816e+02
1.336709e+02
1.325477e+02
1.284369e+02
1.180565e+02
