-5.421883e+01
-3.956817e+01
-5.888548e+01
-5.173782e+01
-4.326513e+01
-5.723531e+01
-4.378362e+01
-5.188117e+01
-4.140615e+01
-5.115044e+01
-3.886335e+01
-4.477583e+01
-3.634588e+01
-3.496678e+01
-3.051139e+01
-3.098296e+01
-2.986759e+01
-1.936241e+01
-1.894973e+01
-1.572623e+01
-1.493190e+01
-1.345519e+01
-1.330964e+01
-1.284048e+01
-1.203297e+01
-1.286026e+01
-1.170285e+01
-1.150233e+01
-1.109350e+01
-1.228782e+01
-1.280855e+01
-1.093090e+01
-1.012057e+01
-9.795169e+00
-9.850712e+00
-9.277343e+00
-9.184650e+00
-7.635793e+00
-8.118589e+00
-7.236332e+00
-6.572574e+00
-5.318042e+00
-5.610478e+00
-4.465692e+00
-3.846465e+00
-2.488200e+00
-1.664293e+00
1.512135e-02
1.377965e+00
7.940421e-01
2.012085e+00
3.113209e+00
2.724188e+00
1.961168e+00
1.477495e+00
-6.748850e-01
-3.554285e+00
-6.827695e+00
-9.723076e+00
-1.259483e+01
-1.284016e+01
-1.433900e+01
-1.009453e+01
-1.012688e+01
-8.375182e+00
-6.336051e+00
-4.739295e+00
-2.627332e+00
-1.001924e+00
6.240745e-01
-7.219037e-02
-7.131227e-01
-1.698714e+00
-3.819572e+00
-2.842446e+00
-3.844447e+00
-3.848009e+00
-3.581123e+00
-3.528418e+00
-2.549633e+00
-2.805111e+00
-5.496593e+00
-7.866933e+00
-7.732049e+00
-9.216216e+00
-1.262682e+01
-1.053073e+01
-1.141599e+01
-1.033012e+01
-8.108783e+00
-4.964058e+00
-1.639706e+00
-1.003069e+00
-2.507026e-01
-3.742483e-01
-8.145404e-01
-3.057378e-01
-1.807335e+00
-3.379775e+00
-5.479388e+00
-5.224814e+00
-5.019250e+00
-6.494448e+00
-6.283648e+00
-5.305778e+00
-5.753263e+00
-4.021540e+00
-3.547685e+00
-3.269332e+00
-1.384033e+00
-1.698657e+00
-1.979461e+00
-1.575965e+00
-4.107875e+00
-6.046305e+00
-6.797781e+00
-7.502578e+00
-1.014708e+01
-9.554381e+00
-1.167843e+01
-1.203784e+01
-1.061884e+01
-1.114369e+01
-1.175832e+01
-1.084944e+01
-1.018843e+01
-1.038740e+01
-1.157334e+01
-1.286126e+01
-1.467974e+01
-1.491930e+01
-1.608797e+01
-1.673649e+01
-1.819964e+01
-1.787543e+01
-1.967968e+01
-1.900048e+01
-2.141459e+01
-2.451338e+01
-2.967448e+01
-2.596746e+01
-2.344315e+01
-2.072775e+01
-1.912017e+01
-1.871959e+01
-1.781142e+01
-1.867631e+01
-1.904519e+01
-2.240837e+01
-2.350626e+01
-2.584093e+01
-2.522373e+01
-2.712799e+01
-2.564920e+01
-1.897304e+01
-1.971277e+01
-1.891615e+01
-2.033257e+01
-2.312449e+01
-3.087423e+01
-2.725791e+01
-2.162041e+01
-1.828178e+01
-1.611799e+01
-1.367365e+01
-1.150680e+01
-1.141793e+01
-9.556428e+00
-9.164348e+00
-8.430208e+00
-7.484471e+00
-7.533878e+00
-7.984068e+00
-8.698490e+00
-8.116671e+00
-8.702259e+00
-9.505290e+00
-9.498683e+00
-8.660460e+00
-7.877913e+00
-6.750060e+00
-6.122381e+00
-7.138329e+00
-7.074438e+00
-6.808360e+00
-8.499983e+00
-8.622867e+00
-1.063014e+01
-1.067205e+01
-1.242811e+01
-1.197258e+01
-1.171598e+01
-9.686045e+00
-1.015384e+01
-8.953473e+00
-8.260529e+00
-7.783816e+00
-7.240870e+00
-5.947929e+00
-5.912052e+00
-5.774440e+00
-5.666246e+00
-5.361556e+00
-6.103796e+00
-6.681759e+00
-7.596765e+00
-7.418367e+00
-9.172074e+00
-9.728656e+00
-1.191837e+01
-1.243727e+01
-1.215881e+01
-1.183909e+01
-1.193634e+01
-9.572256e+00
-8.250570e+00
-7.010336e+00
-6.572540e+00
-5.400488e+00
-5.722261e+00
-5.505456e+00
-5.267421e+00
-7.405165e+00
-8.282393e+00
-9.315529e+00
-1.236336e+01
-1.302622e+01
-1.319410e+01
-1.299087e+01
-1.163022e+01
-1.080883e+01
-1.084163e+01
-1.049152e+01
-8.140235e+00
-7.801013e+00
-6.452188e+00
-6.755515e+00
-6.219119e+00
-5.296086e+00
-5.259790e+00
-4.143011e+00
-3.017277e+00
-1.802494e+00
-1.143320e+00
-8.467677e-01
-1.205270e+00
-1.044031e-02
1.044092e-02
-6.974596e-01
-1.067043e+00
-9.085285e-01
-1.026126e+00
-2.332757e+00
-3.610888e+00
-5.396045e+00
-5.286770e+00
-7.453526e+00
-9.129608e+00
-1.143151e+01
-1.256343e+01
-1.206316e+01
-1.363565e+01
-1.433485e+01
-1.859391e+01
-1.609160e+01
-1.527721e+01
-1.255968e+01
-1.574914e+01
-1.525683e+01
-1.480581e+01
-1.481681e+01
-1.767367e+01
-1.457135e+01
-1.664081e+01
-1.520325e+01
-1.441821e+01
-1.177338e+01
-1.181668e+01
-1.056158e+01
-1.047373e+01
-8.704839e+00
-8.262926e+00
-6.681149e+00
-5.701968e+00
-4.948706e+00
-3.882693e+00
-3.274099e+00
-4.160312e+00
-2.934316e+00
-2.693323e+00
-1.472126e+00
-1.703964e+00
-2.729193e+00
-3.461090e+00
-4.884971e+00
-7.476966e+00
-9.397565e+00
-2.796527e+01
-2.212627e+01
-1.065249e+01
-6.877803e+00
-4.988971e+00
-3.333794e+00
-2.652225e+00
-3.006049e+00
-2.948546e+00
-3.069431e+00
-3.822898e+00
-4.220478e+00
-4.332115e+00
-4.218707e+00
-4.368839e+00
-5.773274e+00
-6.563416e+00
-6.220052e+00
-6.763870e+00
-9.365784e+00
-1.337032e+01
-1.603856e+01
-1.929219e+01
-1.428437e+01
-9.469236e+00
-8.835123e+00
-5.849548e+00
-5.593508e+00
-5.840386e+00
-6.939310e+00
-7.159821e+00
-1.007214e+01
-1.018322e+01
-1.212273e+01
-1.354576e+01
-1.397869e+01
-1.444042e+01
-1.436365e+01
-1.137766e+01
-9.763359e+00
-7.565127e+00
-5.082430e+00
-5.270349e+00
-3.091082e+00
-1.854145e+00
-1.734469e+00
-2.719358e-01
-9.692644e-02
-5.532635e-01
-7.872230e-01
-1.558435e+00
-1.680024e+00
-2.941635e+00
-3.872621e+00
-4.528736e+00
-4.444218e+00
-5.125216e+00
-4.695132e+00
-7.115297e+00
-8.665360e+00
-1.398680e+01
-1.268942e+01
-9.053718e+00
-5.266253e+00
-3.355356e+00
-2.668744e+00
-2.036517e+00
-1.521447e+00
-2.073971e+00
-1.823634e+00
-2.185858e+00
-2.792052e+00
-3.366531e+00
-3.889924e+00
-5.115948e+00
-5.536224e+00
-6.105269e+00
-9.202282e+00
-1.225159e+01
-2.149909e+01
-2.064982e+01
-2.421498e+01
-2.197668e+01
-2.070618e+01
-1.677462e+01
-1.621929e+01
-1.328549e+01
-1.436247e+01
-1.371030e+01
-1.271477e+01
-1.133124e+01
-8.857832e+00
-7.821211e+00
-5.988773e+00
-4.524208e+00
-3.400148e+00
-3.690814e+00
-4.532797e+00
-4.989380e+00
-5.045235e+00
-6.202953e+00
-6.653408e+00
-7.383865e+00
-6.358254e+00
