-1.868732e+01
-3.210346e+01
-2.878129e+01
-4.038963e+01
-2.927098e+01
-3.168218e+01
-3.819009e+01
-4.129826e+01
-3.151417e+01
-2.834915e+01
-3.827027e+01
-2.837366e+01
-3.125872e+01
-2.626197e+01
-2.353694e+01
-2.234526e+01
-2.594299e+01
-1.941466e+01
-1.598429e+01
-1.293264e+01
-1.010636e+01
-8.935654e+00
-9.547480e+00
-9.306765e+00
-7.767417e+00
-7.666481e+00
-7.260759e+00
-7.126852e+00
-7.856221e+00
-6.685002e+00
-7.825557e+00
-6.259158e+00
-6.070982e+00
-5.624174e+00
-5.123886e+00
-3.938812e+00
-4.338427e+00
-4.389491e+00
-2.336494e+00
-1.470079e+00
-1.502768e+00
-9.039882e-01
-1.427555e-02
-7.215064e-02
9.257625e-01
2.035271e+00
3.663942e+00
4.797166e+00
5.782307e+00
5.556258e+00
6.543058e+00
7.304810e+00
7.493281e+00
6.363057e+00
4.856764e+00
1.742923e+00
4.856985e-01
-2.752146e+00
-4.529154e+00
-4.737609e+00
-4.726107e+00
-3.176693e+00
-1.225555e+00
5.762038e-02
8.086784e-01
2.474593e+00
3.684853e+00
4.657062e+00
6.458347e+00
7.158490e+00
4.809697e+00
2.837714e+00
1.336344e+00
5.971381e-01
1.394974e+00
2.106467e+00
2.768447e+00
4.527566e+00
5.260363e+00
5.317419e+00
5.486972e+00
3.593838e+00
3.107341e+00
1.435964e+00
5.351737e-01
-7.157884e-01
-1.189245e+00
-1.058138e+00
-1.341598e+00
5.933849e-01
3.489394e+00
4.371010e+00
5.398628e+00
5.252308e+00
3.409689e+00
3.730059e+00
1.448575e+00
-1.580764e+00
-2.389833e+00
-5.885715e+00
-6.274453e+00
-3.292421e+00
-2.277247e+00
-1.111388e+00
-1.582440e-01
6.409039e-01
7.746562e-01
7.857287e-01
1.475497e+00
6.740825e-01
6.123522e-01
8.003134e-02
-1.521644e+00
-4.756027e+00
-5.364186e+00
-5.388824e+00
-6.384545e+00
-5.906137e+00
-6.372906e+00
-8.160778e+00
-7.811420e+00
-9.353065e+00
-1.034886e+01
-1.014942e+01
-9.189569e+00
-9.580215e+00
-9.641398e+00
-1.063132e+01
-1.045090e+01
-1.073864e+01
-1.158246e+01
-1.011047e+01
-1.009007e+01
-8.214975e+00
-6.907766e+00
-5.113546e+00
-3.999877e+00
-3.396906e+00
-1.874392e+00
-1.886503e+00
-6.867830e-01
4.967719e-01
1.214093e+00
1.347287e+00
1.982996e+00
1.436928e+00
1.390546e+00
8.459120e-01
1.198821e+00
1.054898e+00
5.472366e-01
4.762172e-01
-2.756987e-02
4.545728e-02
-3.314283e-01
-1.488613e+00
-2.699378e+00
-3.203714e+00
-4.903553e+00
-4.268919e+00
-3.918233e+00
-3.913160e+00
-2.637174e+00
-2.067364e+00
-1.496709e+00
-7.817838e-01
-1.166998e+00
-1.036193e+00
-8.957725e-01
-1.564453e+00
-1.609225e+00
-2.803979e+00
-2.365535e+00
-1.804690e+00
-1.119383e+00
-7.143213e-01
-2.777542e+00
-4.026165e+00
-4.766760e+00
-4.656280e+00
-2.671675e+00
-9.171252e-01
6.138421e-01
1.707978e+00
2.840553e+00
2.956915e+00
3.933187e+00
3.011750e+00
3.090659e+00
2.656828e+00
2.316310e+00
2.109035e+00
1.408596e+00
1.004884e+00
1.018821e+00
6.644899e-01
9.960668e-01
6.659498e-01
1.789555e+00
1.980204e+00
1.867394e+00
3.288426e+00
3.060350e+00
3.009905e+00
3.120879e+00
3.347434e+00
2.372016e+00
2.935668e+00
2.918612e+00
3.406449e+00
2.370052e+00
2.069591e+00
1.232097e+00
-1.457632e-01
-3.281118e-01
-3.429742e-01
-8.577362e-01
-2.012133e+00
-9.188355e-01
-1.655446e+00
-8.375634e-01
-2.048892e+00
-3.993733e+00
-5.521892e+00
-6.807096e+00
-7.087749e+00
-1.011331e+01
-8.863254e+00
-7.620635e+00
-8.129398e+00
-9.204189e+00
-7.603064e+00
-7.345529e+00
-7.222415e+00
-5.253545e+00
-3.720720e+00
-3.211468e+00
-2.544574e+00
-2.506832e+00
-2.746233e+00
-2.311419e+00
-1.718265e+00
-2.976845e+00
-2.283129e+00
-3.102707e+00
-3.905258e+00
-4.814089e+00
-6.350154e+00
-8.472620e+00
-7.986208e+00
-5.866428e+00
-2.240889e+00
-1.758222e+00
-1.130361e-01
1.244770e+00
2.912417e+00
2.457029e+00
4.060850e+00
3.952128e+00
3.846914e+00
3.458741e+00
2.066730e+00
2.611702e+00
1.368354e+00
1.856399e+00
1.492926e+00
8.909347e-01
3.372178e-01
3.811974e-01
7.745815e-01
1.519300e+00
9.826706e-01
1.498852e+00
1.599394e+00
1.862779e+00
1.138781e+00
2.747880e-01
-1.501290e-01
-1.230490e+00
-3.168209e+00
-3.744155e+00
-3.257366e+00
-3.231639e+00
-3.570266e+00
-3.347589e+00
-3.164230e+00
-2.226178e+00
-1.513949e+00
-3.843015e-01
5.591788e-01
2.300627e+00
3.141939e+00
2.080473e+00
1.132710e+00
5.370632e-01
-1.417362e+00
-1.764267e+00
-7.737980e-01
-1.511783e+00
-1.251211e+00
-1.066443e+00
-1.965006e+00
-1.866252e+00
-2.681135e+00
-1.838789e+00
-3.003360e+00
-2.687519e+00
-3.936640e+00
-5.930489e+00
-6.177129e+00
-6.923136e+00
-7.310235e+00
-8.103600e+00
-8.386356e+00
-6.267866e+00
-6.531890e+00
-4.882349e+00
-4.061161e+00
-2.800555e+00
-2.372805e+00
-2.554623e+00
-1.246752e+00
-1.323845e+00
-1.563073e+00
-1.224570e+00
-1.374449e+00
-2.766737e+00
-4.227798e+00
-4.952236e+00
-5.164380e+00
-5.122880e+00
-4.856286e+00
-5.443863e+00
-7.017593e+00
-7.707031e+00
-8.819432e+00
-9.915098e+00
-1.074373e+01
-1.198557e+01
-9.636492e+00
-1.103622e+01
-9.706319e+00
-7.251895e+00
-8.105506e+00
-6.744197e+00
-8.059650e+00
-4.757766e+00
-6.527005e+00
-4.919558e+00
-4.198534e+00
-2.997082e+00
-3.923584e+00
-3.974582e+00
-2.946350e+00
-4.798779e+00
-4.799056e+00
-8.790349e+00
-1.143855e+01
-1.870188e+01
-1.608054e+01
-1.140331e+01
-6.441073e+00
-3.162418e+00
-3.744434e+00
-1.518273e+00
-1.193203e+00
-6.371140e-01
-8.951789e-01
9.177628e-01
3.038254e+00
2.379871e+00
2.121072e+00
1.781299e+00
-6.668733e-01
-2.494405e+00
-2.674556e+00
-2.992296e+00
-2.000915e+00
-2.378669e+00
-3.081256e+00
-3.319767e+00
-3.893336e+00
-4.766495e+00
-6.215554e+00
-7.608920e+00
-9.476932e+00
-1.041488e+01
-8.773272e+00
-1.201701e+01
-1.217742e+01
-9.675596e+00
-7.651832e+00
-5.275622e+00
-2.386902e+00
1.091035e-01
1.653756e+00
2.373854e+00
3.014119e+00
2.875535e+00
4.125375e+00
4.631098e+00
