-1.800000e+02
2.589526e+01
-1.028933e+02
-3.564935e+01
-1.567052e+02
-1.332698e+02
-1.261332e+02
1.093102e+02
1.103619e+02
4.594186e+01
-7.241120e+01
-4.061262e+00
1.038095e+01
1.835612e+01
1.769580e+01
-2.097942e+01
-5.562839e+01
-6.586543e+01
-9.915608e+01
-1.113424e+02
-1.318862e+02
-1.438038e+02
-1.675176e+02
1.703336e+02
1.569384e+02
1.499451e+02
1.366360e+02
1.368649e+02
1.238017e+02
1.157033e+02
1.134032e+02
1.097489e+02
1.049496e+02
9.798663e+01
9.092022e+01
8.034899e+01
7.526154e+01
7.494334e+01
6.676795e+01
5.919047e+01
5.194281e+01
4.741211e+01
4.039360e+01
4.014142e+01
3.548525e+01
3.324859e+01
2.403697e+01
6.737834e+00
-7.301177e+00
-1.498334e+01
-2.722684e+01
-4.108387e+01
-5.696134e+01
-8.190069e+01
-1.006190e+02
-1.120958e+02
-1.142158e+02
-1.045317e+02
-1.008451e+02
-8.722099e+01
-7.644550e+01
-6.782012e+01
-7.297514e+01
-7.128766e+01
-7.776757e+01
-8.425573e+01
-9.756830e+01
-1.036828e+02
-1.163409e+02
-1.398254e+02
-1.540377e+02
-1.619942e+02
-1.603383e+02
-1.588829e+02
-1.548179e+02
-1.463414e+02
-1.565025e+02
-1.660376e+02
-1.725566e+02
1.709689e+02
1.566003e+02
1.448164e+02
1.379633e+02
1.348739e+02
1.289187e+02
1.309905e+02
1.323130e+02
1.332709e+02
1.402445e+02
1.470023e+02
1.383873e+02
1.265184e+02
1.131077e+02
9.409161e+01
8.223195e+01
6.540889e+01
5.287368e+01
5.166309e+01
4.029819e+01
4.668490e+01
7.919849e+01
7.313326e+01
7.390339e+01
6.766833e+01
6.769138e+01
5.997515e+01
5.207833e+01
4.000046e+01
2.823397e+01
1.814601e+01
8.511753e+00
-1.054176e+01
-1.548059e+01
-1.767749e+01
-1.437322e+01
-1.459517e+01
-1.521598e+01
-1.887604e+01
-2.118788e+01
-2.801198e+01
-2.845469e+01
-2.775445e+01
-2.420870e+01
-1.982042e+01
-2.235531e+01
-2.667547e+01
-2.442310e+01
-3.838739e+01
-2.951987e+01
-3.367625e+01
-2.342534e+01
-2.319975e+01
-9.567605e+00
-7.572608e+00
-8.676612e+00
-1.388927e+01
-2.168286e+01
-2.848520e+01
-3.756070e+01
-4.464209e+01
-5.394189e+01
-6.305786e+01
-7.368854e+01
-8.163599e+01
-9.430657e+01
-1.066367e+02
-1.160151e+02
-1.206550e+02
-1.335785e+02
-1.397500e+02
-1.497444e+02
-1.559312e+02
-1.666170e+02
-1.668078e+02
1.767459e+02
1.698557e+02
1.646082e+02
1.613271e+02
1.592275e+02
1.643755e+02
1.625112e+02
1.610842e+02
1.629625e+02
1.557467e+02
1.540759e+02
1.439193e+02
1.339246e+02
1.278134e+02
1.177641e+02
1.110806e+02
1.056742e+02
1.077768e+02
1.055250e+02
1.026554e+02
9.114232e+01
8.477907e+01
7.501871e+01
7.001972e+01
7.636763e+01
8.446947e+01
9.117271e+01
9.157964e+01
8.350290e+01
7.637667e+01
6.447868e+01
5.343265e+01
4.483404e+01
3.838963e+01
2.593738e+01
1.374051e+01
6.406178e+00
5.527132e+00
-3.263584e+00
-1.264903e+01
-1.042472e+01
-1.544647e+01
-1.129653e+01
-1.868777e+01
-2.099688e+01
-1.865183e+01
-3.056561e+01
-3.860168e+01
-4.347945e+01
-5.044242e+01
-5.871312e+01
-6.378695e+01
-7.264088e+01
-8.089623e+01
-8.449026e+01
-9.723978e+01
-1.056118e+02
-1.124316e+02
-1.210766e+02
-1.200902e+02
-1.295851e+02
-1.318278e+02
-1.335959e+02
-1.382279e+02
-1.399474e+02
-1.491704e+02
-1.536110e+02
-1.612705e+02
-1.709130e+02
-1.719514e+02
-1.734969e+02
-1.701157e+02
-1.508288e+02
-1.550769e+02
-1.571671e+02
-1.534886e+02
-1.489645e+02
-1.456565e+02
-1.414052e+02
-1.439232e+02
-1.556841e+02
-1.477347e+02
-1.553741e+02
-1.540084e+02
-1.712797e+02
-1.681069e+02
-1.786450e+02
1.701673e+02
1.729819e+02
1.625096e+02
1.578078e+02
1.517327e+02
1.521982e+02
1.455501e+02
1.515500e+02
1.756373e+02
-1.666276e+02
1.786064e+02
1.792274e+02
1.723907e+02
1.609469e+02
1.538977e+02
1.447078e+02
1.334246e+02
1.156279e+02
1.062549e+02
1.005324e+02
9.138493e+01
8.447339e+01
8.062847e+01
7.306973e+01
6.679424e+01
6.282836e+01
6.385150e+01
5.843322e+01
5.762671e+01
5.091661e+01
4.530151e+01
3.628254e+01
2.929167e+01
2.084851e+01
1.031257e+01
5.824087e+00
-4.568257e+00
-1.035036e+01
-1.312365e+01
-1.620545e+01
-1.340586e+01
-9.242767e+00
-7.241995e+00
-1.621783e+01
-1.602370e+01
-2.155151e+01
-2.512593e+01
-3.481805e+01
-3.817891e+01
-5.260289e+01
-6.458681e+01
-8.520785e+01
-1.011171e+02
-1.147109e+02
-1.267357e+02
-1.301372e+02
-1.401194e+02
-1.508195e+02
-1.661683e+02
1.782798e+02
1.693343e+02
1.523389e+02
1.281612e+02
1.160815e+02
9.351129e+01
8.441695e+01
6.088488e+01
3.645074e+01
2.473928e+01
1.211986e+01
4.513117e+00
-4.445557e+00
-1.118462e+01
-9.876760e+00
-1.232734e+01
-2.708150e+01
-4.007313e+01
-5.842041e+01
-6.813686e+01
-8.350005e+01
-8.908184e+01
-1.023438e+02
-1.186849e+02
-1.377616e+02
-1.459888e+02
-1.645184e+02
-1.770238e+02
1.773403e+02
1.627057e+02
1.638546e+02
1.413599e+02
1.289706e+02
1.163062e+02
1.011342e+02
8.183707e+01
7.233245e+01
5.052258e+01
4.366597e+01
2.658195e+01
3.761137e+00
-1.724829e+01
-4.847080e+01
-8.693990e+01
-1.081599e+02
-1.208668e+02
-1.322276e+02
-1.429729e+02
-1.618083e+02
-1.691807e+02
1.747981e+02
1.591730e+02
1.311165e+02
1.141669e+02
9.882331e+01
8.724245e+01
4.343564e+01
6.856962e+01
-6.905073e+01
-1.760286e+02
-1.658463e+02
1.721442e+02
1.422649e+02
1.401848e+02
1.244779e+02
1.053126e+02
9.174244e+01
7.930258e+01
7.473482e+01
5.678591e+01
4.169342e+01
2.523933e+01
1.306946e+01
-2.216926e-01
-8.201409e-02
9.858496e-02
-7.118623e+00
-7.586426e+00
-1.449737e+01
-2.513501e+01
-3.118243e+01
-4.675722e+01
-5.304125e+01
-5.374103e+01
-5.555574e+01
-4.772700e+01
-5.401975e+01
-4.367913e+01
-2.178504e+01
-1.737460e+01
-2.440759e+01
1.447356e+01
3.308923e+00
-5.271769e+00
-1.598282e+01
-2.600025e+01
-3.577770e+01
-5.018675e+01
-6.213472e+01
-6.814977e+01
-7.850433e+01
