-3.370926e+01
-3.953853e+01
-3.329827e+01
-4.123144e+01
-4.345133e+01
-4.187222e+01
-4.092617e+01
-4.007507e+01
-3.683289e+01
-3.320414e+01
-2.941688e+01
-2.962961e+01
-3.525636e+01
-3.078580e+01
-3.404192e+01
-2.667235e+01
-2.417833e+01
-2.041291e+01
-1.553835e+01
-1.519212e+01
-1.242600e+01
-1.185733e+01
-1.194603e+01
-1.002740e+01
-1.084583e+01
-1.157954e+01
-1.034873e+01
-8.788473e+00
-1.024216e+01
-1.079564e+01
-9.748233e+00
-8.640516e+00
-8.126296e+00
-7.148617e+00
-6.806886e+00
-7.275508e+00
-7.024442e+00
-5.316291e+00
-5.496790e+00
-5.143066e+00
-4.274815e+00
-3.578900e+00
-3.869591e+00
-2.878046e+00
-1.012356e+00
2.927244e-01
7.207851e-01
2.400397e+00
2.924048e+00
3.651928e+00
3.553436e+00
4.251061e+00
3.537230e+00
2.683673e+00
1.825772e+00
2.747528e-01
-3.880306e+00
-7.279674e+00
-7.499619e+00
-7.665040e+00
-9.514679e+00
-8.063924e+00
-5.759189e+00
-4.043324e+00
-2.016478e+00
-9.784269e-01
4.568836e-01
1.366524e+00
2.712421e+00
2.820177e+00
1.344864e+00
-7.715026e-02
-1.871377e+00
-3.551276e+00
-3.951527e+00
-2.717689e+00
-1.507186e+00
-1.274300e+00
-6.410884e-01
-1.449471e-01
5.445468e-01
-4.494936e-01
-2.031065e+00
-3.288904e+00
-4.114395e+00
-4.911673e+00
-5.913649e+00
-6.369380e+00
-5.693166e+00
-3.380044e+00
-1.553838e+00
-9.158081e-02
-3.607748e-01
-3.459840e-01
-8.906070e-01
-1.800271e+00
-3.337834e+00
-5.053483e+00
-7.997942e+00
-1.302536e+01
-1.198883e+01
-9.209653e+00
-8.631939e+00
-6.748524e+00
-5.087977e+00
-4.903397e+00
-4.305339e+00
-3.379336e+00
-3.786734e+00
-3.080147e+00
-4.293600e+00
-5.470582e+00
-8.017303e+00
-8.570396e+00
-1.077564e+01
-1.127406e+01
-1.233784e+01
-1.256927e+01
-1.364618e+01
-1.328672e+01
-1.384546e+01
-1.317681e+01
-1.366425e+01
-1.337608e+01
-1.486980e+01
-1.375943e+01
-1.381879e+01
-1.307643e+01
-1.324315e+01
-1.301878e+01
-1.419419e+01
-1.408372e+01
-1.607453e+01
-1.525703e+01
-1.345727e+01
-1.130905e+01
-1.016954e+01
-8.909057e+00
-8.834083e+00
-7.065298e+00
-6.569149e+00
-5.385131e+00
-3.821511e+00
-4.135216e+00
-3.732975e+00
-3.098531e+00
-4.052184e+00
-2.723171e+00
-4.051002e+00
-4.599045e+00
-4.323989e+00
-4.171190e+00
-4.699674e+00
-5.089857e+00
-4.895868e+00
-5.849164e+00
-7.106605e+00
-7.594354e+00
-8.943727e+00
-9.602123e+00
-1.020685e+01
-1.109920e+01
-1.026416e+01
-9.536426e+00
-8.920897e+00
-8.190031e+00
-7.689469e+00
-6.868211e+00
-7.094164e+00
-6.775301e+00
-7.469804e+00
-7.853138e+00
-7.302099e+00
-5.411508e+00
-6.314920e+00
-4.532513e+00
-5.090989e+00
-8.133548e+00
-7.768408e+00
-9.372638e+00
-7.366879e+00
-4.306045e+00
-3.822989e+00
-2.262986e+00
-2.352019e+00
-9.676628e-01
-2.301277e+00
-1.317107e+00
-1.421016e+00
-1.256517e+00
-9.893419e-01
-7.956495e-01
-8.620567e-01
-1.358072e+00
-1.794823e-01
-1.208131e+00
-1.315369e+00
-1.528280e+00
-1.512898e+00
-2.543079e+00
-3.741340e+00
-4.538854e+00
-6.222711e+00
-5.698937e+00
-5.072147e+00
-4.398833e+00
-3.271411e+00
-3.051356e+00
-2.036963e+00
-2.013672e+00
-2.360017e+00
-2.520037e+00
-3.861981e+00
-4.245698e+00
-5.544238e+00
-6.135132e+00
-7.440752e+00
-7.028306e+00
-6.102211e+00
-6.732304e+00
-6.895935e+00
-8.127829e+00
-9.295028e+00
-1.094314e+01
-1.570253e+01
-1.685730e+01
-1.631921e+01
-1.207175e+01
-1.025653e+01
-9.153592e+00
-9.402216e+00
-1.046201e+01
-1.155152e+01
-1.109203e+01
-1.083978e+01
-1.032649e+01
-8.472672e+00
-7.316209e+00
-7.635879e+00
-6.168279e+00
-5.508585e+00
-5.710979e+00
-6.536764e+00
-7.425697e+00
-8.575395e+00
-8.748433e+00
-9.298913e+00
-9.701654e+00
-9.662136e+00
-1.036489e+01
-9.569771e+00
-9.796970e+00
-9.250297e+00
-8.626456e+00
-7.754434e+00
-7.399244e+00
-8.025201e+00
-7.789379e+00
-7.555492e+00
-5.419635e+00
-4.150523e+00
-2.115780e+00
-1.918197e+00
-1.212829e-01
-1.250645e+00
-2.374321e+00
-2.536192e+00
-3.889168e+00
-4.872414e+00
-5.190827e+00
-4.767725e+00
-5.085351e+00
-5.633261e+00
-5.813416e+00
-6.454704e+00
-6.221331e+00
-7.179181e+00
-6.658191e+00
-6.686553e+00
-6.745764e+00
-5.793851e+00
-4.696336e+00
-5.021062e+00
-3.736041e+00
-3.145132e+00
-3.274230e+00
-1.843514e+00
-2.324534e+00
-1.162804e+00
-3.691369e-01
1.800915e-01
2.132348e-01
1.203972e+00
-1.220698e-01
-9.246881e-01
-2.472253e+00
-5.947118e+00
-7.386203e+00
-1.152149e+01
-1.284382e+01
-1.527083e+01
-1.623559e+01
-1.393847e+01
-1.210077e+01
-1.126534e+01
-8.284013e+00
-8.116931e+00
-7.341039e+00
-6.993125e+00
-5.887898e+00
-7.721423e+00
-7.690617e+00
-8.120543e+00
-6.754373e+00
-5.459609e+00
-4.640595e+00
-3.420984e+00
-1.883013e+00
-6.439275e-01
-1.310104e-01
-3.509553e-01
-7.557813e-01
-1.676479e+00
-1.764888e+00
-4.937127e+00
-4.396997e+00
-4.635163e+00
-4.558912e+00
-3.388970e+00
-3.199579e+00
-3.372715e+00
-4.737725e+00
-4.831952e+00
-6.073474e+00
-6.295810e+00
-6.723008e+00
-7.403218e+00
-8.338237e+00
-9.847858e+00
-1.047894e+01
-1.394685e+01
-1.805069e+01
-2.231210e+01
-2.343401e+01
-2.085452e+01
-2.114875e+01
-1.733965e+01
-1.321478e+01
-1.234871e+01
-1.134748e+01
-7.252005e+00
-6.013763e+00
-4.191946e+00
-4.860372e+00
-4.376987e+00
-6.131936e+00
-7.896233e+00
-1.070689e+01
-1.107998e+01
-1.107109e+01
-1.118560e+01
-1.306592e+01
-1.244609e+01
-1.700783e+01
-1.508157e+01
-1.667018e+01
-1.558099e+01
-1.308623e+01
-8.778501e+00
-5.190268e+00
-3.429314e+00
-2.042561e+00
-1.718247e-01
-2.114089e+00
-2.564534e+00
-3.344640e+00
-4.399850e+00
-4.618336e+00
-4.513681e+00
-5.867122e+00
-5.807500e+00
-6.961357e+00
-7.267534e+00
-8.536891e+00
-9.933011e+00
-1.131600e+01
-1.225181e+01
-1.363973e+01
-1.454819e+01
-1.498099e+01
-1.354123e+01
-1.170027e+01
-8.063312e+00
-6.657871e+00
-5.334187e+00
-4.590499e+00
-4.121800e+00
-4.259584e+00
-5.084718e+00
-4.642495e+00
-4.972539e+00
