0.000000e+00
5.430272e+01
1.582228e+02
3.784108e+01
-1.786030e+02
-6.711472e+01
-4.358580e+01
1.624801e+01
-1.107031e+02
9.844933e+01
-4.147558e+01
-4.104338e+01
-8.377834e+01
-7.143076e+01
-4.016723e+01
-6.130169e+01
-4.299279e+01
-8.266450e+01
-8.905244e+01
-1.206887e+02
-1.442677e+02
-1.636430e+02
-1.764084e+02
1.667977e+02
1.464403e+02
1.471935e+02
1.357029e+02
1.183465e+02
1.143820e+02
1.078732e+02
1.131802e+02
1.012625e+02
9.522262e+01
9.157725e+01
8.658463e+01
7.518108e+01
6.667587e+01
6.766555e+01
5.816413e+01
5.052444e+01
4.433860e+01
3.891465e+01
3.631931e+01
2.781603e+01
2.257933e+01
1.945340e+01
1.948108e+01
3.385909e-02
-1.779284e+01
-2.935966e+01
-3.334499e+01
-5.565954e+01
-6.789224e+01
-9.235990e+01
-1.104205e+02
-1.164228e+02
-1.324417e+02
-1.232303e+02
-1.198075e+02
-1.047241e+02
-8.928469e+01
-8.312678e+01
-8.475895e+01
-8.300578e+01
-8.981397e+01
-9.890436e+01
-1.085460e+02
-1.173175e+02
-1.301206e+02
-1.466229e+02
-1.670590e+02
-1.778044e+02
1.745988e+02
-1.780346e+02
-1.763271e+02
-1.682351e+02
-1.701085e+02
-1.748745e+02
1.748917e+02
1.642688e+02
1.513312e+02
1.361799e+02
1.266832e+02
1.275567e+02
1.251022e+02
1.258479e+02
1.283289e+02
1.319422e+02
1.393794e+02
1.386098e+02
1.278176e+02
1.197281e+02
1.001269e+02
8.967905e+01
7.095712e+01
6.154173e+01
5.095241e+01
3.357598e+01
3.997574e+01
5.765390e+01
6.013396e+01
7.842098e+01
8.101286e+01
7.894492e+01
7.062696e+01
5.557047e+01
5.190807e+01
4.087015e+01
2.826532e+01
1.474928e+01
7.121758e-01
-1.428289e+01
-2.577478e+01
-2.461494e+01
-2.835495e+01
-2.154536e+01
-1.534873e+01
-2.517556e+01
-1.966922e+01
-1.838998e+01
-2.256255e+01
-2.387932e+01
-2.051436e+01
-1.910276e+01
-2.805401e+01
-2.174371e+01
-2.059766e+01
-2.489684e+01
-2.984558e+01
-2.710184e+01
-3.605210e+01
-3.648796e+01
-3.762856e+01
-4.360455e+01
-3.003310e+01
-1.841183e+01
-3.706959e+01
-3.416864e+01
-5.020011e+01
-4.324528e+01
-5.947841e+01
-6.502848e+01
-7.827258e+01
-8.951974e+01
-1.038383e+02
-1.118794e+02
-1.222295e+02
-1.309057e+02
-1.399171e+02
-1.532248e+02
-1.644188e+02
-1.717805e+02
-1.728952e+02
1.779655e+02
1.735730e+02
1.623487e+02
1.560575e+02
1.449387e+02
1.407726e+02
1.402154e+02
1.386873e+02
1.447785e+02
1.351591e+02
1.443591e+02
1.393208e+02
1.368666e+02
1.342848e+02
1.324400e+02
1.240897e+02
1.075225e+02
1.041432e+02
1.108308e+02
1.027554e+02
9.658749e+01
9.117888e+01
8.275779e+01
7.128542e+01
6.485030e+01
6.577206e+01
7.647568e+01
8.390969e+01
7.637783e+01
7.665919e+01
6.561158e+01
5.506821e+01
4.783686e+01
3.728806e+01
2.987016e+01
2.413651e+01
1.873590e+01
1.926901e+01
3.823703e+00
-4.528500e+00
-1.198318e+01
-1.984276e+01
-2.496889e+01
-3.618106e+01
-4.494093e+01
-5.407394e+01
-5.944089e+01
-6.105323e+01
-6.446185e+01
-6.025893e+01
-5.878913e+01
-5.682496e+01
-6.150758e+01
-6.781718e+01
-7.478885e+01
-8.459454e+01
-8.943598e+01
-9.959692e+01
-1.106109e+02
-1.253530e+02
-1.218627e+02
-1.325624e+02
-1.301125e+02
-1.358000e+02
-1.407202e+02
-1.414996e+02
-1.431107e+02
-1.523759e+02
-1.585894e+02
-1.686210e+02
-1.792965e+02
-1.722329e+02
-1.468101e+02
-1.080998e+02
-1.142688e+02
-1.245786e+02
-1.401210e+02
-1.454310e+02
-1.541267e+02
-1.572272e+02
-1.414898e+02
-1.440293e+02
-1.439823e+02
-1.452086e+02
-1.476925e+02
-1.517954e+02
-1.605920e+02
-1.733319e+02
-1.799260e+02
1.644360e+02
1.584403e+02
1.600884e+02
1.617141e+02
1.631230e+02
1.614888e+02
1.587536e+02
1.595948e+02
1.595732e+02
1.573875e+02
1.595459e+02
1.596664e+02
1.472297e+02
1.488615e+02
1.474559e+02
1.493672e+02
1.534354e+02
1.507119e+02
1.463140e+02
1.370543e+02
1.186837e+02
1.127375e+02
8.979790e+01
8.421732e+01
7.334122e+01
7.810590e+01
7.132896e+01
6.352820e+01
6.020437e+01
5.474729e+01
5.525445e+01
4.598526e+01
4.264243e+01
4.149647e+01
3.724123e+01
4.018927e+01
4.046722e+01
4.275744e+01
3.299648e+01
2.938574e+01
2.284785e+01
1.852540e+01
1.179593e+01
4.942460e+00
-3.403963e+00
-1.285521e+01
-2.024945e+01
-3.500207e+01
-4.630466e+01
-6.806110e+01
-8.768419e+01
-1.101142e+02
-1.227896e+02
-1.482663e+02
-1.526503e+02
-1.797056e+02
1.755639e+02
1.745506e+02
-1.656488e+02
1.765891e+02
-1.769867e+02
1.622955e+02
1.501037e+02
1.255272e+02
1.035927e+02
8.247333e+01
6.068368e+01
5.254873e+01
2.710107e+01
2.396241e+01
1.662616e+01
1.655550e+01
6.884219e+00
-2.971294e-01
-1.396620e+01
-3.291493e+01
-4.294931e+01
-6.550374e+01
-7.556001e+01
-9.487467e+01
-1.155570e+02
-1.243409e+02
-1.267095e+02
-1.378888e+02
-1.325385e+02
-1.377599e+02
-1.458223e+02
-1.625073e+02
-1.782455e+02
1.695488e+02
1.591141e+02
1.488050e+02
1.513515e+02
1.404188e+02
1.284068e+02
1.229879e+02
1.072009e+02
8.946548e+01
8.649908e+01
7.729261e+01
9.895361e+01
1.428040e+02
1.579437e+02
1.560952e+02
1.737582e+02
1.767929e+02
1.787039e+02
1.551909e+02
1.434004e+02
1.317970e+02
1.252924e+02
1.047511e+02
8.152529e+01
7.129410e+01
5.727951e+01
4.001864e+01
5.090957e+01
5.619129e+01
5.181536e+01
4.900435e+01
4.295121e+01
3.353720e+01
5.578825e+01
8.511823e+01
8.553658e+01
1.033305e+02
1.047706e+02
8.974018e+01
7.337393e+01
5.048034e+01
2.861205e+01
1.250303e+01
-4.316746e+00
-9.502141e+00
-1.474332e+01
-1.921569e+01
-2.666505e+01
-3.293983e+01
-4.063818e+01
-4.663477e+01
-5.199680e+01
-5.525805e+01
-6.383503e+01
-6.653738e+01
-6.294633e+01
-5.959506e+01
-5.450049e+01
-3.481387e+01
-2.536215e+01
-1.054593e+01
-1.741130e+01
-2.351153e+01
-3.713251e+01
-4.381422e+01
-5.547292e+01
-7.443392e+01
-7.671534e+01
-8.238624e+01
-8.401677e+01
