-2.332068e+01
-4.022078e+01
-4.650393e+01
-3.211398e+01
-3.772245e+01
-3.857054e+01
-3.658939e+01
-3.090569e+01
-4.020037e+01
-4.137163e+01
-3.134673e+01
-3.100491e+01
-4.168358e+01
-3.370438e+01
-2.388675e+01
-2.328727e+01
-2.260439e+01
-1.435050e+01
-1.318594e+01
-1.024489e+01
-9.587078e+00
-8.827496e+00
-7.004882e+00
-7.170975e+00
-7.422644e+00
-7.793687e+00
-6.332956e+00
-6.198342e+00
-6.804155e+00
-6.866166e+00
-5.935174e+00
-5.739316e+00
-5.385036e+00
-4.031436e+00
-4.480658e+00
-3.603306e+00
-3.218280e+00
-1.854644e+00
-1.201652e+00
-1.143915e+00
-1.556531e+00
-1.018804e+00
-9.542501e-02
3.499782e-01
1.331311e+00
3.633057e+00
4.819996e+00
5.262453e+00
5.592931e+00
6.621526e+00
7.800683e+00
7.788942e+00
7.302037e+00
7.073664e+00
4.695610e+00
2.332124e+00
9.844294e-01
-1.332679e+00
-3.573028e+00
-7.739112e+00
-9.338642e+00
-8.938375e+00
-7.445014e+00
-4.985754e+00
-4.010490e+00
-1.491787e+00
3.120694e-02
1.854949e+00
3.526608e+00
4.989025e+00
4.373594e+00
3.854174e+00
2.445357e+00
1.928219e+00
1.264109e+00
3.493814e+00
1.713852e+00
3.426287e+00
2.890921e+00
2.082303e+00
2.160815e+00
1.235577e+00
-3.374360e-01
-1.587850e+00
-2.770823e+00
-4.357615e+00
-4.922269e+00
-3.442235e+00
-2.481174e+00
8.888201e-01
1.719784e+00
3.494448e+00
5.125327e+00
5.225052e+00
5.966657e+00
4.630956e+00
5.095120e+00
3.115913e+00
2.247501e+00
7.789199e-01
6.472639e-01
4.463061e-01
-1.117830e-01
7.722147e-01
8.220273e-01
1.980484e+00
2.599287e+00
3.363943e+00
4.579669e+00
3.497024e+00
4.737699e+00
3.557984e+00
2.847006e+00
1.839432e+00
1.031683e-01
-1.627291e+00
-1.829368e+00
-3.614504e+00
-4.484614e+00
-4.909589e+00
-4.320497e+00
-5.222949e+00
-5.351486e+00
-5.639473e+00
-5.340424e+00
-6.213496e+00
-6.885873e+00
-7.613201e+00
-8.289927e+00
-1.055109e+01
-1.109944e+01
-1.390609e+01
-1.934687e+01
-3.995678e+01
-2.093601e+01
-2.288132e+01
-2.171678e+01
-2.442954e+01
-2.696231e+01
-1.579122e+01
-1.019839e+01
-9.695444e+00
-8.945874e+00
-6.284669e+00
-6.050096e+00
-6.258047e+00
-6.823587e+00
-7.607960e+00
-8.089709e+00
-8.150815e+00
-7.818306e+00
-8.730249e+00
-8.936850e+00
-8.864085e+00
-8.852510e+00
-8.346896e+00
-8.440011e+00
-8.556955e+00
-9.722283e+00
-1.037830e+01
-1.327621e+01
-1.508638e+01
-1.649920e+01
-1.957538e+01
-2.058737e+01
-1.782915e+01
-1.461243e+01
-1.270435e+01
-1.150057e+01
-1.084813e+01
-1.034715e+01
-1.129000e+01
-9.739255e+00
-9.073616e+00
-6.864028e+00
-6.229680e+00
-5.308259e+00
-4.641185e+00
-4.637682e+00
-3.436013e+00
-2.720167e+00
-2.572519e+00
-2.121626e+00
-2.167495e+00
-2.850513e+00
-3.817120e+00
-4.499586e+00
-7.101242e+00
-7.589876e+00
-8.344440e+00
-8.403997e+00
-8.799776e+00
-8.220675e+00
-9.219800e+00
-1.030133e+01
-1.144753e+01
-1.564794e+01
-1.421806e+01
-1.774422e+01
-1.646390e+01
-9.932542e+00
-7.950955e+00
-7.833230e+00
-6.397435e+00
-4.602487e+00
-5.780954e+00
-4.916805e+00
-4.495289e+00
-4.790772e+00
-3.719032e+00
-5.369628e+00
-5.684978e+00
-3.408928e+00
-2.738570e+00
-2.704557e+00
-1.027738e+00
-1.045553e-01
-9.013101e-03
5.816073e-01
2.471052e+00
2.160953e+00
1.293040e+00
2.522710e+00
1.636696e+00
7.599289e-01
-7.360231e-01
-2.551903e+00
-4.138641e+00
-4.247668e+00
-5.347234e+00
-6.067099e+00
-9.189059e+00
-1.067226e+01
-8.136484e+00
-7.675536e+00
-6.330695e+00
-5.724401e+00
-5.321243e+00
-5.016161e+00
-4.939362e+00
-4.958300e+00
-3.823245e+00
-3.051766e+00
-2.324209e+00
8.305137e-01
9.032328e-01
9.234153e-01
9.820897e-01
3.011065e-01
-2.494472e-02
-1.365703e-01
-1.728121e+00
-1.423372e+00
-9.571162e-01
-2.841836e+00
-3.605342e+00
-4.238053e+00
-4.603011e+00
-4.498631e+00
-5.405164e+00
-4.245781e+00
-2.924191e+00
-2.514947e+00
-4.435790e+00
-4.037181e+00
-4.332171e+00
-6.165811e+00
-7.207775e+00
-7.010184e+00
-7.258720e+00
-7.480053e+00
-8.393457e+00
-1.091104e+01
-1.436156e+01
-1.566708e+01
-1.089605e+01
-7.203316e+00
-3.277335e+00
-2.001710e+00
-4.094150e-01
-7.177331e-01
3.531300e-02
-5.372952e-02
-9.180541e-01
-2.551713e-01
-7.461057e-02
-7.516057e-01
-8.866853e-01
6.481388e-03
1.034670e+00
1.490072e+00
1.580775e+00
1.400833e+00
1.729335e+00
1.455635e+00
1.726966e+00
1.063720e+00
8.134504e-01
-4.465263e-02
-1.176582e+00
-2.096911e+00
-2.975600e+00
-2.120609e+00
-5.406563e-01
2.467131e+00
3.925083e+00
5.095067e+00
4.569213e+00
3.296335e+00
1.625195e+00
3.348848e-01
-2.504298e-01
-8.033568e-01
-6.745242e-01
-8.961413e-01
-1.804532e+00
-2.788971e+00
-3.825012e+00
-2.133018e+00
-2.748571e-01
2.125962e+00
3.234566e+00
3.102089e+00
2.921899e+00
2.268304e+00
1.182745e+00
3.462547e-01
9.089051e-01
1.342311e+00
1.931100e+00
2.190918e+00
2.313477e+00
1.718056e+00
1.966247e+00
1.674484e+00
6.635787e-01
2.981507e-01
-3.034946e-01
8.969456e-01
1.088100e+00
9.810824e-01
1.212008e+00
2.139978e-01
4.056553e-01
1.083598e+00
1.616306e+00
1.797974e+00
1.626102e+00
1.194790e+00
7.357762e-01
-1.494097e-01
2.305431e-02
5.319403e-01
4.280443e-01
2.532344e+00
2.335033e+00
3.284199e+00
2.917067e+00
2.819986e+00
2.094384e+00
2.734727e+00
2.432260e+00
1.328423e+00
1.556147e+00
4.481460e-01
-2.094466e-01
2.397826e-01
1.117818e+00
1.217478e+00
1.566846e+00
6.002291e-01
2.675391e-01
1.453951e+00
-5.561211e-01
-8.568957e-01
-2.665295e+00
-4.951804e+00
-5.279160e+00
-4.456864e+00
-3.656911e+00
-4.779339e+00
-5.251065e+00
-4.772109e+00
-5.681563e+00
-7.684508e+00
-7.424322e+00
-1.019204e+01
-1.132741e+01
-9.310341e+00
-9.032351e+00
-7.812795e+00
-6.026566e+00
-5.905846e+00
-6.668291e+00
-8.310583e+00
-1.114499e+01
-1.404528e+01
-1.606139e+01
-1.365715e+01
-1.137739e+01
-1.102022e+01
