0.000000e+00
-6.160805e+01
1.781184e+02
1.681810e+02
4.746062e+01
1.391555e+02
7.868966e+01
-1.249938e+02
9.321000e+01
5.919054e+01
-6.244875e+01
-3.558884e+01
-4.070632e+01
-6.020874e+01
-5.403358e+01
-3.821425e+01
-6.972914e+01
-7.210866e+01
-9.166295e+01
-1.165727e+02
-1.383601e+02
-1.496577e+02
-1.705965e+02
1.715984e+02
1.614077e+02
1.486571e+02
1.437473e+02
1.289258e+02
1.163187e+02
1.140935e+02
1.097515e+02
1.078361e+02
9.253701e+01
9.463544e+01
9.061148e+01
7.937605e+01
7.703952e+01
7.423231e+01
6.313964e+01
5.601996e+01
4.615007e+01
3.836743e+01
3.449121e+01
3.302699e+01
2.862357e+01
2.868040e+01
1.944523e+01
5.991673e+00
-1.557132e+01
-3.051007e+01
-4.012922e+01
-5.613332e+01
-7.018848e+01
-9.891063e+01
-1.171272e+02
-1.256890e+02
-1.389883e+02
-1.489310e+02
-1.407271e+02
-1.437951e+02
-1.200511e+02
-1.231481e+02
-1.025450e+02
-9.476497e+01
-9.646651e+01
-1.064657e+02
-1.198476e+02
-1.339962e+02
-1.384909e+02
-1.731326e+02
1.640786e+02
1.442076e+02
1.218100e+02
1.116915e+02
9.884273e+01
8.693365e+01
6.342671e+01
5.103022e+01
2.760891e+01
1.176882e+01
-7.789920e+00
-4.135678e+01
-4.997830e+01
-4.665945e+01
-5.905516e+01
-5.324700e+01
-6.504113e+01
-5.341287e+01
-3.821968e+01
-4.979739e+01
-5.355740e+01
-7.636057e+01
-8.673988e+01
-1.047193e+02
-1.176246e+02
-1.321345e+02
-1.451975e+02
-1.562306e+02
-1.663560e+02
-1.683808e+02
-1.667500e+02
-1.694800e+02
-1.665074e+02
-1.674877e+02
-1.663181e+02
-1.762297e+02
1.759235e+02
1.760348e+02
1.600254e+02
1.520077e+02
1.375338e+02
1.316985e+02
1.116227e+02
1.052771e+02
8.964242e+01
8.566303e+01
8.496851e+01
8.856364e+01
9.023978e+01
8.685043e+01
8.376567e+01
8.155020e+01
7.286510e+01
7.295449e+01
6.506560e+01
5.804040e+01
5.918017e+01
5.265044e+01
3.604969e+01
3.032108e+01
2.995850e+01
2.748037e+01
1.930922e+01
7.545736e+01
8.848748e+01
7.181205e+01
6.685242e+01
7.954394e+01
1.675966e+02
1.606992e+02
1.567388e+02
1.439645e+02
1.343036e+02
1.172495e+02
1.042240e+02
1.016842e+02
8.483986e+01
7.719575e+01
7.194695e+01
7.391544e+01
6.502579e+01
6.554351e+01
6.318190e+01
5.814198e+01
5.562945e+01
5.277890e+01
4.045054e+01
3.414494e+01
2.370860e+01
1.172421e+01
2.762173e+00
1.794959e+00
1.308986e+01
2.858881e+01
5.327106e+01
7.592662e+01
8.028129e+01
7.380853e+01
6.975934e+01
6.480771e+01
5.964264e+01
5.992247e+01
6.643375e+01
6.293233e+01
5.475121e+01
4.157607e+01
3.850329e+01
3.344526e+01
2.488889e+01
1.294969e+01
8.499503e-01
-1.062294e+01
-3.058916e+01
-4.430754e+01
-6.898539e+01
-9.182594e+01
-1.125658e+02
-1.301653e+02
-1.500861e+02
1.766770e+02
1.549330e+02
1.370600e+02
1.093500e+02
8.262353e+01
5.635392e+01
4.093949e+01
1.694172e+01
3.204007e+01
9.589265e+01
7.416721e+01
8.817100e+01
7.732227e+01
6.086068e+01
5.582830e+01
4.421125e+01
3.837425e+01
3.313247e+01
2.375739e+01
2.219102e+01
2.147323e+01
1.438360e+01
1.870252e+01
1.273788e+01
9.391130e+00
6.613875e-02
7.288315e+00
-5.133481e+00
-1.862221e+01
-1.980552e+01
-3.055703e+01
-4.516370e+01
-5.582358e+01
-6.568199e+01
-7.468507e+01
-8.654528e+01
-9.508315e+01
-9.982401e+01
-1.027437e+02
-1.072515e+02
-1.133055e+02
-1.172422e+02
-1.032120e+02
-9.778774e+01
-8.878544e+01
-8.388474e+01
-8.290302e+01
-8.809520e+01
-8.886787e+01
-9.165339e+01
-9.051414e+01
-9.307025e+01
-9.559227e+01
-9.731581e+01
-1.037258e+02
-1.104229e+02
-1.295469e+02
-1.391491e+02
-1.477628e+02
-1.646137e+02
-1.749009e+02
1.771160e+02
1.545391e+02
1.472620e+02
1.359868e+02
1.215556e+02
1.077240e+02
8.231155e+01
5.725216e+01
3.222689e+01
1.806371e+01
-4.391265e+00
-2.326191e+01
-4.897065e+01
-7.601556e+01
-8.779813e+01
-9.910065e+01
-1.086084e+02
-1.122194e+02
-1.165285e+02
-1.261535e+02
-1.329345e+02
-1.463113e+02
-1.403177e+02
-1.264775e+02
-8.474870e+01
-7.277553e+01
-7.989490e+01
-8.939114e+01
-1.027313e+02
-1.092115e+02
-1.265213e+02
-1.360508e+02
-1.398407e+02
-1.488488e+02
-1.556816e+02
-1.546967e+02
-1.551777e+02
-1.615851e+02
-1.659905e+02
-1.663825e+02
-1.740530e+02
1.779286e+02
1.718592e+02
1.655177e+02
1.629049e+02
1.553587e+02
1.535568e+02
1.450356e+02
1.440379e+02
1.291856e+02
1.396470e+02
1.476416e+02
1.646709e+02
1.595967e+02
1.570228e+02
1.432265e+02
1.274858e+02
1.076790e+02
1.029230e+02
9.676852e+01
8.938220e+01
8.630730e+01
9.152982e+01
8.864478e+01
8.656570e+01
7.946468e+01
8.332727e+01
9.583192e+01
1.099506e+02
1.060181e+02
9.999965e+01
9.206854e+01
7.721214e+01
6.527148e+01
6.142259e+01
6.078262e+01
6.256808e+01
6.004743e+01
6.066143e+01
5.487690e+01
4.285075e+01
4.100622e+01
3.744650e+01
3.117956e+01
2.050600e+01
1.673205e+01
2.314378e+01
2.444067e+01
2.253091e+01
2.150421e+01
1.712677e+01
1.062438e+01
6.224227e+00
9.039228e+00
4.009670e+00
1.697884e+00
-6.011216e+00
-1.227340e+01
-2.183698e+01
-2.557828e+01
-2.133917e+01
-1.509226e+01
-2.237047e+01
-2.313436e+01
-2.744195e+01
-4.018666e+01
-5.031120e+01
-5.396305e+01
-6.388618e+01
-6.461810e+01
-7.604096e+01
-8.990476e+01
-9.746270e+01
-9.857435e+01
-1.083881e+02
-1.180794e+02
-1.136652e+02
-1.223298e+02
-1.408319e+02
-1.628754e+02
-1.734913e+02
1.706309e+02
1.500177e+02
1.040867e+02
7.685184e+01
4.374550e+01
1.486713e+01
-6.359100e-01
-2.381813e+01
-2.931627e+01
-4.550031e+01
-6.097145e+01
-7.633950e+01
-7.900957e+01
-9.284489e+01
-9.368856e+01
-1.040438e+02
-9.760535e+01
-7.812094e+01
-8.424774e+01
-9.130119e+01
-9.399807e+01
-1.143547e+02
-1.311035e+02
-1.366262e+02
-1.448419e+02
-1.361175e+02
-1.262341e+02
-1.183604e+02
-1.064016e+02
-1.287355e+02
